t1,ch1,t2,ch2
-7.5,0.3419415092468262,-7.499999875,-0.024223251342773436
-7.49,0.3419415092468262,-7.4899998750000005,-0.029192123413085937
-7.48,0.33697233200073246,-7.479999875000001,-0.029192123413085937
-7.47,0.33697233200073246,-7.469999875,-0.029192123413085937
-7.46,0.33697233200073246,-7.459999875,-0.03416099548339844
-7.45,0.3518798637390137,-7.4499998750000005,-0.019254379272460938
-7.44,0.33697233200073246,-7.439999875000001,-0.024223251342773436
-7.43,0.34691068649291995,-7.429999875,-0.019254379272460938
-7.42,0.3419415092468262,-7.419999875,-0.024223251342773436
-7.41,0.3419415092468262,-7.4099998750000005,-0.024223251342773436
-7.4,0.3518798637390137,-7.399999875000001,-0.024223251342773436
-7.390000000000001,0.34691068649291995,-7.389999875000001,-0.03416099548339844
-7.38,0.3518798637390137,-7.379999875,-0.03912986755371094
-7.37,0.3518798637390137,-7.369999875,-0.03416099548339844
-7.36,0.3618182182312012,-7.359999875000001,-0.019254379272460938
-7.3500000000000005,0.3518798637390137,-7.349999875000001,-0.029192123413085937
-7.34,0.35684904098510745,-7.339999875,-0.024223251342773436
-7.33,0.3618182182312012,-7.329999875,-0.024223251342773436
-7.32,0.3518798637390137,-7.319999875000001,-0.024223251342773436
-7.3100000000000005,0.3518798637390137,-7.309999875000001,-0.024223251342773436
-7.3,0.3618182182312012,-7.299999875,-0.029192123413085937
-7.29,0.3717565727233887,-7.289999875,-0.014285507202148436
-7.28,0.3618182182312012,-7.279999875000001,-0.029192123413085937
-7.2700000000000005,0.3717565727233887,-7.269999875000001,-0.029192123413085937
-7.26,0.36678739547729494,-7.259999875,-0.029192123413085937
-7.25,0.3717565727233887,-7.249999875,-0.019254379272460938
-7.24,0.3717565727233887,-7.2399998750000005,-0.029192123413085937
-7.23,0.36678739547729494,-7.229999875000001,-0.024223251342773436
-7.22,0.36678739547729494,-7.219999875,-0.024223251342773436
-7.21,0.37672574996948244,-7.209999875,-0.024223251342773436
-7.2,0.37672574996948244,-7.1999998750000005,-0.024223251342773436
-7.19,0.3816949272155762,-7.189999875000001,-0.019254379272460938
-7.18,0.37672574996948244,-7.179999875,-0.03416099548339844
-7.17,0.3717565727233887,-7.169999875,-0.029192123413085937
-7.16,0.38666410446166993,-7.1599998750000005,-0.019254379272460938
-7.15,0.3816949272155762,-7.149999875000001,-0.029192123413085937
-7.140000000000001,0.3816949272155762,-7.139999875000001,-0.019254379272460938
-7.13,0.37672574996948244,-7.129999875,-0.024223251342773436
-7.12,0.37672574996948244,-7.119999875,-0.024223251342773436
-7.11,0.3816949272155762,-7.109999875000001,-0.03912986755371094
-7.1000000000000005,0.38666410446166993,-7.099999875000001,-0.029192123413085937
-7.09,0.38666410446166993,-7.089999875,-0.019254379272460938
-7.08,0.3916332817077637,-7.079999875,-0.019254379272460938
-7.07,0.38666410446166993,-7.069999875000001,-0.019254379272460938
-7.0600000000000005,0.39660245895385743,-7.059999875000001,-0.024223251342773436
-7.05,0.3916332817077637,-7.049999875,-0.014285507202148436
-7.04,0.39660245895385743,-7.039999875,-0.019254379272460938
-7.03,0.3916332817077637,-7.029999875000001,-0.024223251342773436
-7.0200000000000005,0.3916332817077637,-7.019999875000001,-0.019254379272460938
-7.01,0.3916332817077637,-7.009999875,-0.024223251342773436
-7.0,0.4015716361999512,-6.999999875,-0.019254379272460938
-6.99,0.39660245895385743,-6.9899998750000005,-0.024223251342773436
-6.98,0.3916332817077637,-6.979999875000001,-0.03416099548339844
-6.97,0.39660245895385743,-6.969999875,-0.03416099548339844
-6.96,0.39660245895385743,-6.959999875,-0.019254379272460938
-6.95,0.39660245895385743,-6.9499998750000005,-0.024223251342773436
-6.94,0.4015716361999512,-6.939999875000001,-0.024223251342773436
-6.93,0.4015716361999512,-6.929999875,-0.029192123413085937
-6.92,0.406540813446045,-6.919999875,-0.024223251342773436
-6.91,0.406540813446045,-6.9099998750000005,-0.024223251342773436
-6.9,0.4015716361999512,-6.899999875000001,-0.024223251342773436
-6.890000000000001,0.406540813446045,-6.889999875000001,-0.024223251342773436
-6.88,0.4115099906921387,-6.879999875,-0.019254379272460938
-6.87,0.4115099906921387,-6.869999875,-0.029192123413085937
-6.86,0.406540813446045,-6.859999875000001,-0.029192123413085937
-6.8500000000000005,0.4115099906921387,-6.849999875000001,-0.024223251342773436
-6.84,0.4214483451843262,-6.839999875,-0.019254379272460938
-6.83,0.4164791679382325,-6.829999875,-0.029192123413085937
-6.82,0.4115099906921387,-6.819999875000001,-0.044098739624023435
-6.8100000000000005,0.4164791679382325,-6.809999875000001,-0.019254379272460938
-6.8,0.42641752243041997,-6.799999875,-0.024223251342773436
-6.79,0.4214483451843262,-6.789999875,-0.029192123413085937
-6.78,0.406540813446045,-6.779999875000001,-0.03416099548339844
-6.7700000000000005,0.4164791679382325,-6.769999875000001,-0.03912986755371094
-6.76,0.4164791679382325,-6.759999875,-0.03912986755371094
-6.75,0.4214483451843262,-6.749999875,-0.029192123413085937
-6.74,0.4214483451843262,-6.7399998750000005,-0.03416099548339844
-6.73,0.4313866996765137,-6.729999875000001,-0.019254379272460938
-6.72,0.4164791679382325,-6.719999875,-0.03912986755371094
-6.71,0.42641752243041997,-6.709999875,-0.029192123413085937
-6.7,0.43635587692260747,-6.6999998750000005,-0.014285507202148436
-6.69,0.42641752243041997,-6.689999875000001,-0.024223251342773436
-6.68,0.4214483451843262,-6.679999875,-0.03912986755371094
-6.67,0.4313866996765137,-6.669999875,-0.03416099548339844
-6.66,0.4313866996765137,-6.6599998750000005,-0.024223251342773436
-6.65,0.43635587692260747,-6.649999875000001,-0.029192123413085937
-6.640000000000001,0.4313866996765137,-6.639999875000001,-0.024223251342773436
-6.63,0.4413250541687012,-6.629999875,-0.029192123413085937
-6.62,0.43635587692260747,-6.619999875,-0.024223251342773436
-6.61,0.4413250541687012,-6.609999875000001,-0.024223251342773436
-6.6000000000000005,0.4413250541687012,-6.599999875000001,-0.03416099548339844
-6.59,0.4413250541687012,-6.589999875,-0.024223251342773436
-6.58,0.43635587692260747,-6.579999875,-0.029192123413085937
-6.57,0.44629423141479496,-6.569999875000001,-0.024223251342773436
-6.5600000000000005,0.4413250541687012,-6.559999875000001,-0.029192123413085937
-6.55,0.4512634086608887,-6.549999875,-0.029192123413085937
-6.54,0.43635587692260747,-6.539999875,-0.029192123413085937
-6.53,0.44629423141479496,-6.529999875000001,-0.024223251342773436
-6.5200000000000005,0.4512634086608887,-6.519999875000001,-0.029192123413085937
-6.51,0.45623258590698246,-6.509999875,-0.024223251342773436
-6.5,0.45623258590698246,-6.499999875,-0.024223251342773436
-6.49,0.4512634086608887,-6.4899998750000005,-0.029192123413085937
-6.48,0.4512634086608887,-6.479999875000001,-0.029192123413085937
-6.47,0.4612017631530762,-6.469999875,-0.019254379272460938
-6.46,0.46617094039916995,-6.459999875,-0.029192123413085937
-6.45,0.4711401176452637,-6.4499998750000005,-0.019254379272460938
-6.44,0.45623258590698246,-6.439999875000001,-0.024223251342773436
-6.43,0.45623258590698246,-6.429999875,-0.019254379272460938
-6.42,0.4612017631530762,-6.419999875,-0.03416099548339844
-6.41,0.4612017631530762,-6.4099998750000005,-0.019254379272460938
-6.4,0.46617094039916995,-6.399999875000001,-0.024223251342773436
-6.390000000000001,0.4711401176452637,-6.389999875000001,-0.019254379272460938
-6.38,0.46617094039916995,-6.379999875,-0.029192123413085937
-6.37,0.4810784721374512,-6.369999875,-0.024223251342773436
-6.36,0.4711401176452637,-6.359999875000001,-0.029192123413085937
-6.3500000000000005,0.4711401176452637,-6.349999875000001,-0.019254379272460938
-6.34,0.47610929489135745,-6.339999875,-0.029192123413085937
-6.33,0.46617094039916995,-6.329999875,-0.03912986755371094
-6.32,0.47610929489135745,-6.319999875000001,-0.019254379272460938
-6.3100000000000005,0.4810784721374512,-6.309999875000001,-0.029192123413085937
-6.3,0.4810784721374512,-6.299999875,-0.03416099548339844
-6.29,0.47610929489135745,-6.289999875,-0.029192123413085937
-6.28,0.47610929489135745,-6.279999875000001,-0.029192123413085937
-6.2700000000000005,0.4910168266296387,-6.269999875000001,-0.024223251342773436
-6.26,0.48604764938354494,-6.259999875,-0.024223251342773436
-6.25,0.4910168266296387,-6.249999875,-0.024223251342773436
-6.24,0.49598600387573244,-6.2399998750000005,-0.024223251342773436
-6.23,0.48604764938354494,-6.229999875000001,-0.029192123413085937
-6.22,0.4910168266296387,-6.219999875,-0.024223251342773436
-6.21,0.4910168266296387,-6.209999875,-0.019254379272460938
-6.2,0.48604764938354494,-6.1999998750000005,-0.024223251342773436
-6.19,0.4910168266296387,-6.189999875000001,-0.019254379272460938
-6.18,0.4910168266296387,-6.179999875,-0.029192123413085937
-6.17,0.48604764938354494,-6.169999875,-0.019254379272460938
-6.16,0.4910168266296387,-6.1599998750000005,-0.029192123413085937
-6.15,0.5009551811218262,-6.149999875000001,-0.019254379272460938
-6.140000000000001,0.5009551811218262,-6.139999875000001,-0.029192123413085937
-6.13,0.49598600387573244,-6.129999875,-0.024223251342773436
-6.12,0.5009551811218262,-6.119999875,-0.019254379272460938
-6.11,0.5059243583679199,-6.109999875000001,-0.029192123413085937
-6.1000000000000005,0.5059243583679199,-6.099999875000001,-0.024223251342773436
-6.09,0.4910168266296387,-6.089999875,-0.03416099548339844
-6.08,0.5059243583679199,-6.079999875,-0.024223251342773436
-6.07,0.5108935356140137,-6.069999875000001,-0.024223251342773436
-6.0600000000000005,0.5009551811218262,-6.059999875000001,-0.03416099548339844
-6.05,0.5009551811218262,-6.049999875,-0.019254379272460938
-6.04,0.5108935356140137,-6.039999875,-0.019254379272460938
-6.03,0.5059243583679199,-6.029999875000001,-0.024223251342773436
-6.0200000000000005,0.5108935356140137,-6.019999875000001,-0.029192123413085937
-6.01,0.5158627128601074,-6.009999875,-0.019254379272460938
-6.0,0.5108935356140137,-5.999999875,-0.03416099548339844
-5.99,0.5158627128601074,-5.9899998750000005,-0.024223251342773436
-5.98,0.5208318901062012,-5.979999875000001,-0.029192123413085937
-5.97,0.5208318901062012,-5.969999875,-0.03416099548339844
-5.96,0.5258010673522949,-5.959999875,-0.03416099548339844
-5.95,0.5258010673522949,-5.9499998750000005,-0.024223251342773436
-5.94,0.5208318901062012,-5.939999875000001,-0.024223251342773436
-5.93,0.5258010673522949,-5.929999875,-0.024223251342773436
-5.92,0.5208318901062012,-5.919999875,-0.019254379272460938
-5.91,0.5258010673522949,-5.9099998750000005,-0.024223251342773436
-5.9,0.5208318901062012,-5.899999875000001,-0.024223251342773436
-5.89,0.5208318901062012,-5.889999875,-0.024223251342773436
-5.88,0.5307702445983887,-5.879999875,-0.024223251342773436
-5.87,0.5258010673522949,-5.869999875,-0.029192123413085937
-5.86,0.5307702445983887,-5.859999875000001,-0.014285507202148436
-5.8500000000000005,0.5258010673522949,-5.849999875000001,-0.029192123413085937
-5.84,0.5307702445983887,-5.839999875,-0.019254379272460938
-5.83,0.5307702445983887,-5.829999875,-0.029192123413085937
-5.82,0.5357394218444824,-5.819999875000001,-0.029192123413085937
-5.8100000000000005,0.5407085990905762,-5.809999875000001,-0.024223251342773436
-5.8,0.5407085990905762,-5.799999875,-0.029192123413085937
-5.79,0.5357394218444824,-5.789999875,-0.029192123413085937
-5.78,0.5407085990905762,-5.779999875000001,-0.029192123413085937
-5.7700000000000005,0.5456777763366699,-5.769999875000001,-0.014285507202148436
-5.76,0.5407085990905762,-5.759999875,-0.024223251342773436
-5.75,0.5357394218444824,-5.749999875,-0.024223251342773436
-5.74,0.5456777763366699,-5.7399998750000005,-0.024223251342773436
-5.73,0.5506469535827637,-5.729999875000001,-0.014285507202148436
-5.72,0.5456777763366699,-5.719999875,-0.024223251342773436
-5.71,0.5407085990905762,-5.709999875,-0.024223251342773436
-5.7,0.5456777763366699,-5.6999998750000005,-0.019254379272460938
-5.69,0.5506469535827637,-5.689999875000001,-0.024223251342773436
-5.68,0.5456777763366699,-5.679999875,-0.03912986755371094
-5.67,0.5506469535827637,-5.669999875,-0.03416099548339844
-5.66,0.5506469535827637,-5.6599998750000005,-0.024223251342773436
-5.65,0.5456777763366699,-5.649999875000001,-0.029192123413085937
-5.64,0.5605853080749512,-5.639999875,-0.019254379272460938
-5.63,0.5506469535827637,-5.629999875,-0.029192123413085937
-5.62,0.5506469535827637,-5.619999875,-0.024223251342773436
-5.61,0.5605853080749512,-5.609999875000001,-0.019254379272460938
-5.6000000000000005,0.5556161308288574,-5.599999875000001,-0.029192123413085937
-5.59,0.5605853080749512,-5.589999875,-0.029192123413085937
-5.58,0.5605853080749512,-5.579999875,-0.019254379272460938
-5.57,0.5605853080749512,-5.569999875000001,-0.019254379272460938
-5.5600000000000005,0.565554485321045,-5.559999875000001,-0.019254379272460938
-5.55,0.5556161308288574,-5.549999875,-0.024223251342773436
-5.54,0.5605853080749512,-5.539999875,-0.019254379272460938
-5.53,0.5705236625671387,-5.529999875000001,-0.024223251342773436
-5.5200000000000005,0.565554485321045,-5.519999875000001,-0.019254379272460938
-5.51,0.5705236625671387,-5.509999875,-0.019254379272460938
-5.5,0.5705236625671387,-5.499999875,-0.029192123413085937
-5.49,0.565554485321045,-5.4899998750000005,-0.029192123413085937
-5.48,0.565554485321045,-5.479999875000001,-0.019254379272460938
-5.47,0.5804620170593262,-5.469999875,-0.014285507202148436
-5.46,0.565554485321045,-5.459999875,-0.03416099548339844
-5.45,0.5754928398132325,-5.4499998750000005,-0.019254379272460938
-5.44,0.5705236625671387,-5.439999875000001,-0.024223251342773436
-5.43,0.5754928398132325,-5.429999875,-0.019254379272460938
-5.42,0.5804620170593262,-5.419999875,-0.024223251342773436
-5.41,0.5705236625671387,-5.4099998750000005,-0.029192123413085937
-5.4,0.5804620170593262,-5.399999875000001,-0.024223251342773436
-5.39,0.5804620170593262,-5.389999875,-0.024223251342773436
-5.38,0.5804620170593262,-5.379999875,-0.029192123413085937
-5.37,0.5804620170593262,-5.369999875,-0.019254379272460938
-5.36,0.5754928398132325,-5.359999875000001,-0.024223251342773436
-5.3500000000000005,0.5804620170593262,-5.349999875000001,-0.029192123413085937
-5.34,0.58543119430542,-5.339999875,-0.019254379272460938
-5.33,0.58543119430542,-5.329999875,-0.029192123413085937
-5.32,0.5904003715515137,-5.319999875000001,-0.019254379272460938
-5.3100000000000005,0.5804620170593262,-5.309999875000001,-0.029192123413085937
-5.3,0.58543119430542,-5.299999875,-0.024223251342773436
-5.29,0.58543119430542,-5.289999875,-0.029192123413085937
-5.28,0.5804620170593262,-5.279999875000001,-0.029192123413085937
-5.2700000000000005,0.6003387260437012,-5.269999875000001,-0.024223251342773436
-5.26,0.645061321258545,-5.259999875,-0.029192123413085937
-5.25,0.684814739227295,-5.249999875,-0.024223251342773436
-5.24,0.7295373344421388,-5.2399998750000005,-0.024223251342773436
-5.23,0.7742599296569824,-5.229999875000001,-0.029192123413085937
-5.22,0.8189825248718262,-5.219999875,-0.029192123413085937
-5.21,0.8587359428405762,-5.209999875,-0.019254379272460938
-5.2,0.8984893608093263,-5.1999998750000005,-0.03416099548339844
-5.19,0.9332736015319825,-5.189999875000001,-0.024223251342773436
-5.18,0.9680578422546388,-5.179999875,-0.029192123413085937
-5.17,1.0078112602233888,-5.169999875,-0.029192123413085937
-5.16,1.0575030326843262,-5.1599998750000005,-0.014285507202148436
-5.15,1.0873180961608888,-5.149999875000001,-0.024223251342773436
-5.14,1.1171331596374512,-5.139999875,-0.029192123413085937
-5.13,1.1568865776062012,-5.129999875,-0.03416099548339844
-5.12,1.201609172821045,-5.119999875,-0.029192123413085937
-5.11,1.2314242362976076,-5.109999875000001,-0.024223251342773436
-5.1000000000000005,1.2711776542663575,-5.099999875000001,-0.024223251342773436
-5.09,1.3059618949890137,-5.089999875,-0.019254379272460938
-5.08,1.3457153129577637,-5.079999875,-0.029192123413085937
-5.07,1.3854687309265137,-5.069999875000001,-0.024223251342773436
-5.0600000000000005,1.42025297164917,-5.059999875000001,-0.019254379272460938
-5.05,1.4500680351257325,-5.049999875,-0.019254379272460938
-5.04,1.4699447441101074,-5.039999875,-0.029192123413085937
-5.03,1.5096981620788574,-5.029999875000001,-0.029192123413085937
-5.0200000000000005,1.5444824028015138,-5.019999875000001,-0.024223251342773436
-5.01,1.5742974662780762,-5.009999875,-0.024223251342773436
-5.0,1.599143352508545,-4.999999875,-0.029192123413085937
-4.99,1.6339275932312014,-4.9899998750000005,-0.029192123413085937
-4.98,1.6687118339538576,-4.979999875000001,-0.014285507202148436
-4.97,1.6935577201843264,-4.969999875,-0.03416099548339844
-4.96,1.7233727836608888,-4.959999875,-0.024223251342773436
-4.95,1.7531878471374513,-4.9499998750000005,-0.014285507202148436
-4.94,1.7830029106140137,-4.939999875000001,-0.024223251342773436
-4.93,1.8128179740905763,-4.929999875,-0.024223251342773436
-4.92,1.8376638603210451,-4.919999875,-0.029192123413085937
-4.91,1.862509746551514,-4.9099998750000005,-0.019254379272460938
-4.9,1.902263164520264,-4.899999875000001,-0.024223251342773436
-4.89,1.9320782279968263,-4.889999875,-0.024223251342773436
-4.88,1.9668624687194827,-4.879999875,-0.019254379272460938
-4.87,1.9867391777038577,-4.869999875,-0.029192123413085937
-4.86,2.0165542411804203,-4.859999875000001,-0.019254379272460938
-4.8500000000000005,2.0513384819030764,-4.849999875000001,-0.019254379272460938
-4.84,2.0662460136413574,-4.839999875,-0.024223251342773436
-4.83,2.0910918998718264,-4.829999875,-0.024223251342773436
-4.82,2.115937786102295,-4.819999875000001,-0.029192123413085937
-4.8100000000000005,2.150722026824951,-4.809999875000001,-0.019254379272460938
-4.8,2.1705987358093264,-4.799999875,-0.024223251342773436
-4.79,2.190475444793701,-4.789999875,-0.019254379272460938
-4.78,2.2103521537780764,-4.779999875000001,-0.029192123413085937
-4.7700000000000005,2.235198040008545,-4.769999875000001,-0.03416099548339844
-4.76,2.274951457977295,-4.759999875,-0.019254379272460938
-4.75,2.2898589897155763,-4.749999875,-0.03912986755371094
-4.74,2.3097356986999515,-4.7399998750000005,-0.024223251342773436
-4.73,2.33458158493042,-4.729999875000001,-0.029192123413085937
-4.72,2.3643966484069825,-4.719999875,-0.024223251342773436
-4.71,2.379304180145264,-4.709999875,-0.029192123413085937
-4.7,2.3991808891296387,-4.6999998750000005,-0.029192123413085937
-4.69,2.4289959526062015,-4.689999875000001,-0.019254379272460938
-4.68,2.4488726615905763,-4.679999875,-0.029192123413085937
-4.67,2.4737185478210453,-4.669999875,-0.024223251342773436
-4.66,2.49359525680542,-4.6599998750000005,-0.024223251342773436
-4.65,2.518441143035889,-4.649999875000001,-0.024223251342773436
-4.64,2.5432870292663576,-4.639999875,-0.019254379272460938
-4.63,2.5482562065124514,-4.629999875,-0.029192123413085937
-4.62,2.5830404472351076,-4.619999875,-0.029192123413085937
-4.61,2.602917156219483,-4.609999875000001,-0.024223251342773436
-4.6000000000000005,2.6227938652038576,-4.599999875000001,-0.029192123413085937
-4.59,2.642670574188233,-4.589999875,-0.029192123413085937
-4.58,2.6625472831726076,-4.579999875,-0.024223251342773436
-4.57,2.6873931694030766,-4.569999875000001,-0.029192123413085937
-4.5600000000000005,2.6973315238952638,-4.559999875000001,-0.029192123413085937
-4.55,2.7271465873718266,-4.549999875,-0.019254379272460938
-4.54,2.7420541191101075,-4.539999875,-0.029192123413085937
-4.53,2.756961650848389,-4.529999875000001,-0.03912986755371094
-4.5200000000000005,2.7768383598327637,-4.519999875000001,-0.029192123413085937
-4.51,2.796715068817139,-4.509999875,-0.03416099548339844
-4.5,2.8165917778015137,-4.499999875,-0.03912986755371094
-4.49,2.8265301322937013,-4.4899998750000005,-0.03416099548339844
-4.48,2.8513760185241703,-4.479999875000001,-0.029192123413085937
-4.47,2.8662835502624513,-4.469999875,-0.024223251342773436
-4.46,2.8811910820007327,-4.459999875,-0.019254379272460938
-4.45,2.911006145477295,-4.4499998750000005,-0.019254379272460938
-4.44,2.9308828544616703,-4.439999875000001,-0.024223251342773436
-4.43,2.935852031707764,-4.429999875,-0.019254379272460938
-4.42,2.9606979179382327,-4.419999875,-0.024223251342773436
-4.41,2.9656670951843265,-4.4099998750000005,-0.029192123413085937
-4.4,2.990512981414795,-4.399999875000001,-0.024223251342773436
-4.39,3.015358867645264,-4.389999875,-0.014285507202148436
-4.38,3.020328044891358,-4.379999875,-0.029192123413085937
-4.37,3.0451739311218264,-4.369999875,-0.029192123413085937
-4.36,3.065050640106201,-4.359999875000001,-0.019254379272460938
-4.3500000000000005,3.0849273490905764,-4.349999875000001,-0.03416099548339844
-4.34,3.094865703582764,-4.339999875,-0.029192123413085937
-4.33,3.109773235321045,-4.329999875,-0.019254379272460938
-4.32,3.1246807670593264,-4.319999875000001,-0.024223251342773436
-4.3100000000000005,3.139588298797608,-4.309999875000001,-0.024223251342773436
-4.3,3.149526653289795,-4.299999875,-0.024223251342773436
-4.29,3.16940336227417,-4.289999875,-0.029192123413085937
-4.28,3.1992184257507326,-4.279999875000001,-0.019254379272460938
-4.2700000000000005,3.2041876029968264,-4.269999875000001,-0.024223251342773436
-4.26,3.2190951347351078,-4.259999875,-0.019254379272460938
-4.25,3.2290334892272954,-4.249999875,-0.024223251342773436
-4.24,3.2439410209655763,-4.2399998750000005,-0.029192123413085937
-4.23,3.2638177299499516,-4.229999875000001,-0.029192123413085937
-4.22,3.2737560844421387,-4.219999875,-0.024223251342773436
-4.21,3.28866361618042,-4.209999875,-0.019254379272460938
-4.2,3.2986019706726077,-4.1999998750000005,-0.03416099548339844
-4.19,3.3184786796569825,-4.189999875000001,-0.019254379272460938
-4.18,3.3383553886413577,-4.179999875,-0.024223251342773436
-4.17,3.3433245658874515,-4.169999875,-0.024223251342773436
-4.16,3.3582320976257325,-4.1599998750000005,-0.024223251342773436
-4.15,3.373139629364014,-4.149999875000001,-0.024223251342773436
-4.14,3.3880471611022953,-4.139999875,-0.029192123413085937
-4.13,3.3880471611022953,-4.129999875,-0.029192123413085937
-4.12,3.40792387008667,-4.119999875,-0.024223251342773436
-4.11,3.4178622245788577,-4.109999875000001,-0.03416099548339844
-4.1,3.432769756317139,-4.099999875,-0.029192123413085937
-4.09,3.44767728805542,-4.089999875,-0.024223251342773436
-4.08,3.452646465301514,-4.079999875,-0.024223251342773436
-4.07,3.4675539970397953,-4.069999875000001,-0.019254379272460938
-4.0600000000000005,3.4824615287780762,-4.059999875000001,-0.024223251342773436
-4.05,3.492399883270264,-4.049999875,-0.024223251342773436
-4.04,3.5073074150085453,-4.039999875,-0.03416099548339844
-4.03,3.512276592254639,-4.029999875000001,-0.024223251342773436
-4.0200000000000005,3.5222149467468262,-4.019999875000001,-0.029192123413085937
-4.01,3.5371224784851076,-4.009999875,-0.024223251342773436
-4.0,3.552030010223389,-3.999999875,-0.029192123413085937
-3.99,3.5619683647155767,-3.989999875,-0.024223251342773436
-3.98,3.56693754196167,-3.979999875,-0.024223251342773436
-3.97,3.5818450736999514,-3.969999875,-0.024223251342773436
-3.96,3.596752605438233,-3.959999875,-0.019254379272460938
-3.95,3.60669095993042,-3.949999875,-0.029192123413085937
-3.94,3.6166293144226076,-3.939999875,-0.019254379272460938
-3.93,3.626567668914795,-3.929999875,-0.029192123413085937
-3.92,3.636506023406983,-3.919999875,-0.024223251342773436
-3.91,3.6563827323913576,-3.909999875,-0.024223251342773436
-3.9,3.651413555145264,-3.899999875,-0.029192123413085937
-3.89,3.6613519096374514,-3.889999875,-0.029192123413085937
-3.88,3.6812286186218266,-3.8799998749999998,-0.029192123413085937
-3.87,3.6861977958679204,-3.869999875,-0.029192123413085937
-3.86,3.6861977958679204,-3.8599998749999997,-0.03416099548339844
-3.85,3.706074504852295,-3.849999875,-0.019254379272460938
-3.84,3.7209820365905766,-3.8399998749999997,-0.024223251342773436
-3.83,3.7309203910827637,-3.829999875,-0.019254379272460938
-3.8200000000000003,3.7408587455749513,-3.819999875,-0.029192123413085937
-3.81,3.7557662773132328,-3.809999875,-0.024223251342773436
-3.8000000000000003,3.7557662773132328,-3.799999875,-0.024223251342773436
-3.79,3.7607354545593266,-3.789999875,-0.03416099548339844
-3.7800000000000002,3.7806121635437013,-3.779999875,-0.019254379272460938
-3.77,3.785581340789795,-3.769999875,-0.029192123413085937
-3.7600000000000002,3.7955196952819827,-3.759999875,-0.024223251342773436
-3.75,3.8054580497741703,-3.749999875,-0.024223251342773436
-3.74,3.8203655815124513,-3.739999875,-0.024223251342773436
-3.73,3.825334758758545,-3.729999875,-0.029192123413085937
-3.72,3.8402422904968265,-3.719999875,-0.024223251342773436
-3.71,3.8402422904968265,-3.709999875,-0.03416099548339844
-3.7,3.850180644989014,-3.699999875,-0.024223251342773436
-3.69,3.8750265312194827,-3.689999875,-0.024223251342773436
-3.68,3.870057353973389,-3.679999875,-0.024223251342773436
-3.67,3.8799957084655765,-3.669999875,-0.019254379272460938
-3.66,3.889934062957764,-3.659999875,-0.029192123413085937
-3.65,3.904841594696045,-3.649999875,-0.024223251342773436
-3.64,3.8998724174499513,-3.639999875,-0.029192123413085937
-3.63,3.904841594696045,-3.6299998749999998,-0.024223251342773436
-3.62,3.9247183036804203,-3.619999875,-0.029192123413085937
-3.61,3.934656658172608,-3.6099998749999997,-0.019254379272460938
-3.6,3.944595012664795,-3.599999875,-0.024223251342773436
-3.59,3.934656658172608,-3.5899998749999997,-0.03912986755371094
-3.58,3.949564189910889,-3.579999875,-0.03416099548339844
-3.5700000000000003,3.9595025444030765,-3.569999875,-0.029192123413085937
-3.56,3.9644717216491703,-3.559999875,-0.03912986755371094
-3.5500000000000003,3.969440898895264,-3.549999875,-0.024223251342773436
-3.54,3.989317607879639,-3.539999875,-0.029192123413085937
-3.5300000000000002,3.989317607879639,-3.529999875,-0.029192123413085937
-3.52,3.9992559623718265,-3.519999875,-0.024223251342773436
-3.5100000000000002,4.009194316864014,-3.509999875,-0.029192123413085937
-3.5,4.00422513961792,-3.499999875,-0.03912986755371094
-3.49,4.024101848602295,-3.489999875,-0.029192123413085937
-3.48,4.034040203094483,-3.479999875,-0.024223251342773436
-3.47,4.039009380340577,-3.469999875,-0.024223251342773436
-3.46,4.04397855758667,-3.459999875,-0.03416099548339844
-3.45,4.048947734832764,-3.449999875,-0.024223251342773436
-3.44,4.0638552665710455,-3.439999875,-0.024223251342773436
-3.43,4.058886089324951,-3.429999875,-0.024223251342773436
-3.42,4.0638552665710455,-3.419999875,-0.029192123413085937
-3.41,4.078762798309326,-3.409999875,-0.024223251342773436
-3.4,4.093670330047607,-3.399999875,-0.019254379272460938
-3.39,4.093670330047607,-3.389999875,-0.019254379272460938
-3.38,4.093670330047607,-3.3799998749999998,-0.019254379272460938
-3.37,4.103608684539795,-3.369999875,-0.029192123413085937
-3.36,4.103608684539795,-3.3599998749999997,-0.029192123413085937
-3.35,4.118516216278077,-3.349999875,-0.024223251342773436
-3.34,4.118516216278077,-3.3399998749999997,-0.029192123413085937
-3.33,4.128454570770264,-3.329999875,-0.019254379272460938
-3.3200000000000003,4.133423748016358,-3.319999875,-0.024223251342773436
-3.31,4.128454570770264,-3.309999875,-0.024223251342773436
-3.3000000000000003,4.143362102508545,-3.299999875,-0.029192123413085937
-3.29,4.148331279754639,-3.289999875,-0.029192123413085937
-3.2800000000000002,4.158269634246826,-3.279999875,-0.019254379272460938
-3.27,4.158269634246826,-3.269999875,-0.019254379272460938
-3.2600000000000002,4.168207988739014,-3.259999875,-0.024223251342773436
-3.25,4.173177165985107,-3.249999875,-0.019254379272460938
-3.24,4.178146343231202,-3.239999875,-0.019254379272460938
-3.23,4.188084697723389,-3.229999875,-0.019254379272460938
-3.22,4.193053874969483,-3.219999875,-0.019254379272460938
-3.21,4.193053874969483,-3.209999875,-0.019254379272460938
-3.2,4.198023052215577,-3.199999875,-0.024223251342773436
-3.19,4.207961406707764,-3.189999875,-0.024223251342773436
-3.18,4.20299222946167,-3.179999875,-0.029192123413085937
-3.17,4.207961406707764,-3.169999875,-0.024223251342773436
-3.16,4.212930583953858,-3.159999875,-0.029192123413085937
-3.15,4.222868938446045,-3.149999875,-0.024223251342773436
-3.14,4.232807292938233,-3.139999875,-0.019254379272460938
-3.13,4.232807292938233,-3.1299998749999998,-0.03416099548339844
-3.12,4.237776470184326,-3.119999875,-0.029192123413085937
-3.11,4.242745647430421,-3.1099998749999997,-0.024223251342773436
-3.1,4.247714824676514,-3.099999875,-0.029192123413085937
-3.09,4.257653179168702,-3.0899998749999997,-0.029192123413085937
-3.08,4.262622356414795,-3.079999875,-0.029192123413085937
-3.0700000000000003,4.267591533660889,-3.069999875,-0.029192123413085937
-3.06,4.262622356414795,-3.059999875,-0.029192123413085937
-3.0500000000000003,4.267591533660889,-3.049999875,-0.029192123413085937
-3.04,4.28249906539917,-3.039999875,-0.024223251342773436
-3.0300000000000002,4.277529888153077,-3.029999875,-0.024223251342773436
-3.02,4.292437419891358,-3.019999875,-0.029192123413085937
-3.0100000000000002,4.297406597137451,-3.009999875,-0.024223251342773436
-3.0,4.302375774383545,-2.999999875,-0.024223251342773436
-2.99,4.297406597137451,-2.989999875,-0.03416099548339844
-2.98,4.297406597137451,-2.979999875,-0.029192123413085937
-2.97,4.307344951629639,-2.969999875,-0.029192123413085937
-2.96,4.307344951629639,-2.959999875,-0.029192123413085937
-2.95,4.322252483367921,-2.949999875,-0.03416099548339844
-2.94,4.322252483367921,-2.939999875,-0.029192123413085937
-2.93,4.3371600151062015,-2.929999875,-0.024223251342773436
-2.92,4.3371600151062015,-2.919999875,-0.024223251342773436
-2.91,4.342129192352295,-2.909999875,-0.024223251342773436
-2.9,4.347098369598389,-2.899999875,-0.024223251342773436
-2.89,4.342129192352295,-2.889999875,-0.029192123413085937
-2.88,4.342129192352295,-2.8799998749999998,-0.029192123413085937
-2.87,4.347098369598389,-2.869999875,-0.029192123413085937
-2.86,4.357036724090577,-2.8599998749999997,-0.029192123413085937
-2.85,4.36200590133667,-2.849999875,-0.024223251342773436
-2.84,4.366975078582764,-2.8399998749999997,-0.024223251342773436
-2.83,4.36200590133667,-2.829999875,-0.024223251342773436
-2.82,4.371944255828858,-2.8199998749999997,-0.024223251342773436
-2.81,4.371944255828858,-2.809999875,-0.019254379272460938
-2.8000000000000003,4.376913433074951,-2.799999875,-0.03416099548339844
-2.79,4.376913433074951,-2.789999875,-0.024223251342773436
-2.7800000000000002,4.381882610321045,-2.779999875,-0.03416099548339844
-2.77,4.386851787567139,-2.769999875,-0.03416099548339844
-2.7600000000000002,4.396790142059326,-2.759999875,-0.029192123413085937
-2.75,4.396790142059326,-2.749999875,-0.024223251342773436
-2.74,4.406728496551514,-2.739999875,-0.024223251342773436
-2.73,4.406728496551514,-2.729999875,-0.03416099548339844
-2.72,4.406728496551514,-2.719999875,-0.029192123413085937
-2.71,4.4166668510437015,-2.709999875,-0.024223251342773436
-2.7,4.4166668510437015,-2.699999875,-0.024223251342773436
-2.69,4.421636028289795,-2.689999875,-0.024223251342773436
-2.68,4.426605205535889,-2.679999875,-0.029192123413085937
-2.67,4.4315743827819825,-2.669999875,-0.024223251342773436
-2.66,4.436543560028077,-2.659999875,-0.024223251342773436
-2.65,4.436543560028077,-2.649999875,-0.029192123413085937
-2.64,4.44151273727417,-2.639999875,-0.019254379272460938
-2.63,4.446481914520264,-2.6299998749999998,-0.014285507202148436
-2.62,4.446481914520264,-2.619999875,-0.024223251342773436
-2.61,4.456420269012452,-2.6099998749999997,-0.019254379272460938
-2.6,4.44151273727417,-2.599999875,-0.029192123413085937
-2.59,4.461389446258545,-2.5899998749999997,-0.029192123413085937
-2.58,4.461389446258545,-2.579999875,-0.019254379272460938
-2.57,4.466358623504639,-2.5699998749999997,-0.024223251342773436
-2.56,4.471327800750733,-2.559999875,-0.024223251342773436
-2.5500000000000003,4.476296977996826,-2.549999875,-0.029192123413085937
-2.54,4.4812661552429205,-2.539999875,-0.024223251342773436
-2.5300000000000002,4.4812661552429205,-2.529999875,-0.03416099548339844
-2.52,4.486235332489014,-2.519999875,-0.029192123413085937
-2.5100000000000002,4.4812661552429205,-2.509999875,-0.029192123413085937
-2.5,4.486235332489014,-2.499999875,-0.024223251342773436
-2.49,4.486235332489014,-2.489999875,-0.024223251342773436
-2.48,4.4961736869812015,-2.479999875,-0.024223251342773436
-2.47,4.491204509735108,-2.469999875,-0.029192123413085937
-2.46,4.4961736869812015,-2.459999875,-0.03416099548339844
-2.45,4.501142864227296,-2.449999875,-0.029192123413085937
-2.44,4.506112041473389,-2.439999875,-0.019254379272460938
-2.43,4.501142864227296,-2.429999875,-0.029192123413085937
-2.42,4.516050395965577,-2.419999875,-0.019254379272460938
-2.41,4.511081218719482,-2.409999875,-0.019254379272460938
-2.4,4.52101957321167,-2.399999875,-0.024223251342773436
-2.39,4.516050395965577,-2.389999875,-0.03416099548339844
-2.38,4.525988750457764,-2.3799998749999998,-0.014285507202148436
-2.37,4.530957927703858,-2.369999875,-0.019254379272460938
-2.36,4.530957927703858,-2.3599998749999997,-0.019254379272460938
-2.35,4.530957927703858,-2.349999875,-0.029192123413085937
-2.34,4.535927104949952,-2.3399998749999997,-0.019254379272460938
-2.33,4.525988750457764,-2.329999875,-0.029192123413085937
-2.32,4.540896282196045,-2.3199998749999997,-0.019254379272460938
-2.31,4.540896282196045,-2.309999875,-0.019254379272460938
-2.3000000000000003,4.540896282196045,-2.299999875,-0.024223251342773436
-2.29,4.545865459442139,-2.289999875,-0.024223251342773436
-2.2800000000000002,4.545865459442139,-2.279999875,-0.029192123413085937
-2.27,4.540896282196045,-2.269999875,-0.03416099548339844
-2.2600000000000002,4.550834636688233,-2.259999875,-0.024223251342773436
-2.25,4.545865459442139,-2.249999875,-0.03912986755371094
-2.24,4.5607729911804205,-2.239999875,-0.029192123413085937
-2.23,4.565742168426514,-2.229999875,-0.024223251342773436
-2.22,4.550834636688233,-2.219999875,-0.024223251342773436
-2.21,4.5607729911804205,-2.209999875,-0.019254379272460938
-2.2,4.5607729911804205,-2.199999875,-0.029192123413085937
-2.19,4.5607729911804205,-2.189999875,-0.029192123413085937
-2.18,4.5607729911804205,-2.179999875,-0.029192123413085937
-2.17,4.570711345672608,-2.169999875,-0.019254379272460938
-2.16,4.565742168426514,-2.159999875,-0.024223251342773436
-2.15,4.570711345672608,-2.149999875,-0.024223251342773436
-2.14,4.570711345672608,-2.139999875,-0.03416099548339844
-2.13,4.580649700164796,-2.1299998749999998,-0.024223251342773436
-2.12,4.570711345672608,-2.119999875,-0.029192123413085937
-2.11,4.570711345672608,-2.1099998749999997,-0.03416099548339844
-2.1,4.595557231903077,-2.099999875,-0.019254379272460938
-2.09,4.580649700164796,-2.0899998749999997,-0.024223251342773436
-2.08,4.585618877410889,-2.079999875,-0.024223251342773436
-2.07,4.585618877410889,-2.0699998749999997,-0.029192123413085937
-2.06,4.590588054656982,-2.059999875,-0.024223251342773436
-2.05,4.590588054656982,-2.0499998749999997,-0.029192123413085937
-2.04,4.595557231903077,-2.039999875,-0.03416099548339844
-2.0300000000000002,4.60052640914917,-2.029999875,-0.029192123413085937
-2.02,4.595557231903077,-2.019999875,-0.024223251342773436
-2.0100000000000002,4.595557231903077,-2.009999875,-0.03912986755371094
-2.0,4.60052640914917,-1.999999875,-0.029192123413085937
-1.99,4.615433940887452,-1.989999875,-0.024223251342773436
-1.98,4.605495586395264,-1.979999875,-0.029192123413085937
-1.97,4.60052640914917,-1.969999875,-0.03912986755371094
-1.96,4.610464763641358,-1.959999875,-0.019254379272460938
-1.95,4.615433940887452,-1.949999875,-0.029192123413085937
-1.94,4.610464763641358,-1.939999875,-0.029192123413085937
-1.93,4.620403118133545,-1.929999875,-0.029192123413085937
-1.92,4.615433940887452,-1.919999875,-0.019254379272460938
-1.9100000000000001,4.620403118133545,-1.9099998750000002,-0.019254379272460938
-1.9000000000000001,4.620403118133545,-1.8999998750000002,-0.029192123413085937
-1.8900000000000001,4.610464763641358,-1.8899998750000002,-0.03416099548339844
-1.8800000000000001,4.620403118133545,-1.8799998750000002,-0.029192123413085937
-1.87,4.615433940887452,-1.8699998750000002,-0.029192123413085937
-1.86,4.6253722953796395,-1.8599998750000002,-0.029192123413085937
-1.85,4.6253722953796395,-1.8499998750000002,-0.029192123413085937
-1.84,4.630341472625733,-1.8399998750000002,-0.019254379272460938
-1.83,4.64027982711792,-1.8299998750000002,-0.029192123413085937
-1.82,4.64027982711792,-1.8199998750000002,-0.019254379272460938
-1.81,4.64027982711792,-1.8099998750000001,-0.019254379272460938
-1.8,4.635310649871826,-1.7999998750000001,-0.03416099548339844
-1.79,4.64027982711792,-1.7899998750000001,-0.029192123413085937
-1.78,4.645249004364014,-1.7799998750000001,-0.024223251342773436
-1.77,4.645249004364014,-1.7699998750000001,-0.024223251342773436
-1.76,4.64027982711792,-1.759999875,-0.029192123413085937
-1.75,4.635310649871826,-1.749999875,-0.029192123413085937
-1.74,4.64027982711792,-1.739999875,-0.029192123413085937
-1.73,4.650218181610108,-1.729999875,-0.029192123413085937
-1.72,4.650218181610108,-1.719999875,-0.024223251342773436
-1.71,4.650218181610108,-1.709999875,-0.029192123413085937
-1.7,4.655187358856201,-1.699999875,-0.019254379272460938
-1.69,4.660156536102296,-1.689999875,-0.019254379272460938
-1.68,4.645249004364014,-1.679999875,-0.024223251342773436
-1.67,4.650218181610108,-1.669999875,-0.024223251342773436
-1.6600000000000001,4.660156536102296,-1.6599998750000002,-0.019254379272460938
-1.6500000000000001,4.665125713348389,-1.6499998750000002,-0.019254379272460938
-1.6400000000000001,4.670094890594482,-1.6399998750000002,-0.019254379272460938
-1.6300000000000001,4.655187358856201,-1.6299998750000002,-0.019254379272460938
-1.62,4.655187358856201,-1.6199998750000002,-0.03912986755371094
-1.61,4.665125713348389,-1.6099998750000002,-0.03912986755371094
-1.6,4.660156536102296,-1.5999998750000002,-0.024223251342773436
-1.59,4.670094890594482,-1.5899998750000002,-0.019254379272460938
-1.58,4.660156536102296,-1.5799998750000002,-0.029192123413085937
-1.57,4.660156536102296,-1.5699998750000002,-0.044098739624023435
-1.56,4.670094890594482,-1.5599998750000001,-0.03416099548339844
-1.55,4.670094890594482,-1.5499998750000001,-0.03912986755371094
-1.54,4.670094890594482,-1.5399998750000001,-0.024223251342773436
-1.53,4.675064067840577,-1.5299998750000001,-0.029192123413085937
-1.52,4.68003324508667,-1.5199998750000001,-0.019254379272460938
-1.51,4.685002422332764,-1.509999875,-0.019254379272460938
-1.5,4.670094890594482,-1.499999875,-0.03416099548339844
-1.49,4.670094890594482,-1.489999875,-0.03416099548339844
-1.48,4.685002422332764,-1.479999875,-0.029192123413085937
-1.47,4.675064067840577,-1.469999875,-0.024223251342773436
-1.46,4.68003324508667,-1.459999875,-0.024223251342773436
-1.45,4.68003324508667,-1.449999875,-0.029192123413085937
-1.44,4.685002422332764,-1.439999875,-0.024223251342773436
-1.43,4.685002422332764,-1.429999875,-0.024223251342773436
-1.42,4.68003324508667,-1.419999875,-0.024223251342773436
-1.41,4.685002422332764,-1.409999875,-0.024223251342773436
-1.4000000000000001,4.68003324508667,-1.3999998750000002,-0.029192123413085937
-1.3900000000000001,4.68003324508667,-1.3899998750000002,-0.029192123413085937
-1.3800000000000001,4.685002422332764,-1.3799998750000002,-0.029192123413085937
-1.37,4.699909954071045,-1.3699998750000002,-0.029192123413085937
-1.36,4.689971599578858,-1.3599998750000002,-0.024223251342773436
-1.35,4.699909954071045,-1.3499998750000002,-0.019254379272460938
-1.34,4.694940776824952,-1.3399998750000002,-0.024223251342773436
-1.33,4.689971599578858,-1.3299998750000002,-0.029192123413085937
-1.32,4.694940776824952,-1.3199998750000002,-0.019254379272460938
-1.31,4.699909954071045,-1.3099998750000001,-0.019254379272460938
-1.3,4.689971599578858,-1.2999998750000001,-0.019254379272460938
-1.29,4.694940776824952,-1.2899998750000001,-0.024223251342773436
-1.28,4.694940776824952,-1.2799998750000001,-0.03416099548339844
-1.27,4.704879131317139,-1.2699998750000001,-0.029192123413085937
-1.26,4.709848308563233,-1.259999875,-0.024223251342773436
-1.25,4.704879131317139,-1.249999875,-0.024223251342773436
-1.24,4.699909954071045,-1.239999875,-0.029192123413085937
-1.23,4.704879131317139,-1.229999875,-0.03416099548339844
-1.22,4.709848308563233,-1.219999875,-0.024223251342773436
-1.21,4.704879131317139,-1.209999875,-0.024223251342773436
-1.2,4.714817485809326,-1.199999875,-0.024223251342773436
-1.19,4.704879131317139,-1.189999875,-0.024223251342773436
-1.18,4.704879131317139,-1.179999875,-0.019254379272460938
-1.17,4.71978666305542,-1.169999875,-0.019254379272460938
-1.16,4.704879131317139,-1.159999875,-0.029192123413085937
-1.1500000000000001,4.71978666305542,-1.1499998750000002,-0.024223251342773436
-1.1400000000000001,4.714817485809326,-1.1399998750000002,-0.024223251342773436
-1.1300000000000001,4.714817485809326,-1.1299998750000002,-0.024223251342773436
-1.12,4.704879131317139,-1.1199998750000002,-0.029192123413085937
-1.11,4.714817485809326,-1.1099998750000002,-0.029192123413085937
-1.1,4.709848308563233,-1.0999998750000002,-0.029192123413085937
-1.09,4.714817485809326,-1.0899998750000002,-0.024223251342773436
-1.08,4.714817485809326,-1.0799998750000002,-0.029192123413085937
-1.07,4.724755840301514,-1.0699998750000002,-0.024223251342773436
-1.06,4.71978666305542,-1.0599998750000001,-0.024223251342773436
-1.05,4.724755840301514,-1.0499998750000001,-0.024223251342773436
-1.04,4.71978666305542,-1.0399998750000001,-0.019254379272460938
-1.03,4.714817485809326,-1.0299998750000001,-0.03416099548339844
-1.02,4.724755840301514,-1.0199998750000001,-0.024223251342773436
-1.01,4.724755840301514,-1.009999875,-0.019254379272460938
-1.0,4.71978666305542,-0.999999875,-0.029192123413085937
-0.99,4.71978666305542,-0.989999875,-0.029192123413085937
-0.98,4.724755840301514,-0.979999875,-0.019254379272460938
-0.97,4.71978666305542,-0.969999875,-0.024223251342773436
-0.96,4.724755840301514,-0.959999875,-0.029192123413085937
-0.9500000000000001,4.724755840301514,-0.949999875,-0.03416099548339844
-0.9400000000000001,4.729725017547608,-0.939999875,-0.024223251342773436
-0.93,4.729725017547608,-0.929999875,-0.024223251342773436
-0.92,4.724755840301514,-0.919999875,-0.029192123413085937
-0.91,4.729725017547608,-0.909999875,-0.029192123413085937
-0.9,4.71978666305542,-0.899999875,-0.03416099548339844
-0.89,4.729725017547608,-0.889999875,-0.019254379272460938
-0.88,4.729725017547608,-0.879999875,-0.03416099548339844
-0.87,4.724755840301514,-0.869999875,-0.024223251342773436
-0.86,4.729725017547608,-0.859999875,-0.03416099548339844
-0.85,4.734694194793701,-0.849999875,-0.014285507202148436
-0.84,4.734694194793701,-0.839999875,-0.019254379272460938
-0.8300000000000001,4.739663372039796,-0.829999875,-0.024223251342773436
-0.8200000000000001,4.734694194793701,-0.819999875,-0.024223251342773436
-0.81,4.734694194793701,-0.809999875,-0.029192123413085937
-0.8,4.734694194793701,-0.799999875,-0.03416099548339844
-0.79,4.729725017547608,-0.789999875,-0.019254379272460938
-0.78,4.739663372039796,-0.779999875,-0.024223251342773436
-0.77,4.739663372039796,-0.769999875,-0.024223251342773436
-0.76,4.734694194793701,-0.759999875,-0.024223251342773436
-0.75,4.734694194793701,-0.749999875,-0.029192123413085937
-0.74,4.739663372039796,-0.739999875,-0.024223251342773436
-0.73,4.734694194793701,-0.729999875,-0.029192123413085937
-0.72,4.749601726531983,-0.719999875,-0.019254379272460938
-0.71,4.744632549285889,-0.709999875,-0.019254379272460938
-0.7000000000000001,4.744632549285889,-0.699999875,-0.014285507202148436
-0.6900000000000001,4.744632549285889,-0.689999875,-0.019254379272460938
-0.68,4.734694194793701,-0.679999875,-0.019254379272460938
-0.67,4.739663372039796,-0.669999875,-0.029192123413085937
-0.66,4.749601726531983,-0.659999875,-0.014285507202148436
-0.65,4.749601726531983,-0.649999875,-0.014285507202148436
-0.64,4.744632549285889,-0.639999875,-0.024223251342773436
-0.63,4.744632549285889,-0.629999875,-0.019254379272460938
-0.62,4.744632549285889,-0.619999875,-0.029192123413085937
-0.61,4.744632549285889,-0.609999875,-0.024223251342773436
-0.6,4.749601726531983,-0.599999875,-0.024223251342773436
-0.59,4.734694194793701,-0.589999875,-0.029192123413085937
-0.58,4.744632549285889,-0.5799998749999999,-0.024223251342773436
-0.5700000000000001,4.749601726531983,-0.569999875,-0.029192123413085937
-0.56,4.749601726531983,-0.559999875,-0.014285507202148436
-0.55,4.749601726531983,-0.549999875,-0.024223251342773436
-0.54,4.754570903778077,-0.539999875,-0.019254379272460938
-0.53,4.744632549285889,-0.529999875,-0.029192123413085937
-0.52,4.749601726531983,-0.519999875,-0.029192123413085937
-0.51,4.749601726531983,-0.509999875,-0.009316635131835936
-0.5,4.749601726531983,-0.499999875,-0.024223251342773436
-0.49,4.739663372039796,-0.489999875,-0.03912986755371094
-0.48,4.749601726531983,-0.47999987499999996,-0.024223251342773436
-0.47000000000000003,4.744632549285889,-0.469999875,-0.03416099548339844
-0.46,4.754570903778077,-0.459999875,-0.024223251342773436
-0.45,4.749601726531983,-0.449999875,-0.019254379272460938
-0.44,4.75954008102417,-0.439999875,-0.019254379272460938
-0.43,4.749601726531983,-0.429999875,-0.019254379272460938
-0.42,4.754570903778077,-0.41999987499999997,-0.024223251342773436
-0.41000000000000003,4.75954008102417,-0.409999875,-0.019254379272460938
-0.4,4.749601726531983,-0.399999875,-0.024223251342773436
-0.39,4.754570903778077,-0.389999875,-0.029192123413085937
-0.38,4.749601726531983,-0.379999875,-0.029192123413085937
-0.37,4.75954008102417,-0.369999875,-0.024223251342773436
-0.36,4.749601726531983,-0.35999987499999997,-0.029192123413085937
-0.35000000000000003,4.744632549285889,-0.349999875,-0.029192123413085937
-0.34,4.749601726531983,-0.339999875,-0.029192123413085937
-0.33,4.754570903778077,-0.329999875,-0.029192123413085937
-0.32,4.754570903778077,-0.319999875,-0.03416099548339844
-0.31,4.749601726531983,-0.309999875,-0.024223251342773436
-0.3,4.749601726531983,-0.29999987499999997,-0.03416099548339844
-0.29,4.749601726531983,-0.28999987499999996,-0.03416099548339844
-0.28,4.754570903778077,-0.279999875,-0.024223251342773436
-0.27,4.754570903778077,-0.269999875,-0.019254379272460938
-0.26,4.754570903778077,-0.259999875,-0.029192123413085937
-0.25,4.75954008102417,-0.249999875,-0.019254379272460938
-0.24,4.754570903778077,-0.239999875,-0.024223251342773436
-0.23,4.75954008102417,-0.22999987500000002,-0.014285507202148436
-0.22,4.749601726531983,-0.219999875,-0.029192123413085937
-0.21,4.764509258270264,-0.209999875,-0.024223251342773436
-0.2,4.754570903778077,-0.19999987500000002,-0.029192123413085937
-0.19,4.754570903778077,-0.189999875,-0.03416099548339844
-0.18,4.764509258270264,-0.179999875,-0.019254379272460938
-0.17,4.75954008102417,-0.16999987500000002,-0.019254379272460938
-0.16,4.75954008102417,-0.159999875,-0.024223251342773436
-0.15,4.7694784355163575,-0.149999875,-0.029192123413085937
-0.14,4.75954008102417,-0.13999987500000002,-0.029192123413085937
-0.13,4.764509258270264,-0.12999987500000001,-0.03416099548339844
-0.12,4.75954008102417,-0.11999987499999999,-0.024223251342773436
-0.11,4.7694784355163575,-0.109999875,-0.03416099548339844
-0.1,4.7694784355163575,-0.099999875,-0.024223251342773436
-0.09,4.764509258270264,-0.089999875,-0.029192123413085937
-0.08,4.764509258270264,-0.079999875,-0.029192123413085937
-0.07,4.764509258270264,-0.069999875,-0.03912986755371094
-0.06,4.7694784355163575,-0.059999875,-0.019254379272460938
-0.05,4.7694784355163575,-0.049999875000000006,-0.024223251342773436
-0.04,4.7694784355163575,-0.039999875000000004,-0.03416099548339844
-0.03,4.779416790008545,-0.029999875,-0.014285507202148436
-0.02,4.75954008102417,-0.019999875,-0.019254379272460938
-0.01,4.779416790008545,-0.009999875,-0.024223251342773436
0.0,4.7694784355163575,1.25e-07,-0.014285507202148436
0.01,4.774447612762452,0.010000125,-0.024223251342773436
0.02,4.764509258270264,0.020000125,-0.029192123413085937
0.03,4.774447612762452,0.030000125,-0.014285507202148436
0.04,4.7694784355163575,0.040000125,-0.03912986755371094
0.05,4.764509258270264,0.050000125,-0.029192123413085937
0.06,4.764509258270264,0.060000124999999994,-0.029192123413085937
0.07,4.774447612762452,0.07000012500000001,-0.03416099548339844
0.08,4.779416790008545,0.080000125,-0.014285507202148436
0.09,4.779416790008545,0.090000125,-0.029192123413085937
0.1,4.764509258270264,0.10000012500000001,-0.029192123413085937
0.11,4.774447612762452,0.110000125,-0.024223251342773436
0.12,4.7694784355163575,0.120000125,-0.029192123413085937
0.13,4.764509258270264,0.130000125,-0.019254379272460938
0.14,4.764509258270264,0.140000125,-0.03416099548339844
0.15,4.774447612762452,0.15000012499999998,-0.03416099548339844
0.16,4.7694784355163575,0.160000125,-0.03416099548339844
0.17,4.7694784355163575,0.170000125,-0.029192123413085937
0.18,4.774447612762452,0.18000012499999998,-0.024223251342773436
0.19,4.784385967254639,0.190000125,-0.029192123413085937
0.2,4.774447612762452,0.200000125,-0.029192123413085937
0.21,4.774447612762452,0.21000012499999998,-0.024223251342773436
0.22,4.7694784355163575,0.220000125,-0.024223251342773436
0.23,4.7694784355163575,0.230000125,-0.029192123413085937
0.24,4.779416790008545,0.24000012499999998,-0.024223251342773436
0.25,4.7694784355163575,0.250000125,-0.024223251342773436
0.26,4.779416790008545,0.260000125,-0.029192123413085937
0.27,4.774447612762452,0.27000012500000004,-0.024223251342773436
0.28,4.784385967254639,0.28000012500000004,-0.014285507202148436
0.29,4.7694784355163575,0.290000125,-0.029192123413085937
0.3,4.784385967254639,0.300000125,-0.024223251342773436
0.31,4.7694784355163575,0.310000125,-0.024223251342773436
0.32,4.774447612762452,0.320000125,-0.024223251342773436
0.33,4.784385967254639,0.33000012500000003,-0.024223251342773436
0.34,4.784385967254639,0.34000012500000004,-0.029192123413085937
0.35000000000000003,4.784385967254639,0.35000012500000005,-0.024223251342773436
0.36,4.779416790008545,0.360000125,-0.024223251342773436
0.37,4.794324321746826,0.370000125,-0.019254379272460938
0.38,4.794324321746826,0.380000125,-0.019254379272460938
0.39,4.784385967254639,0.39000012500000003,-0.024223251342773436
0.4,4.779416790008545,0.40000012500000004,-0.024223251342773436
0.41000000000000003,4.784385967254639,0.41000012500000005,-0.024223251342773436
0.42,4.779416790008545,0.420000125,-0.03416099548339844
0.43,4.784385967254639,0.430000125,-0.024223251342773436
0.44,4.779416790008545,0.440000125,-0.024223251342773436
0.45,4.779416790008545,0.45000012500000003,-0.029192123413085937
0.46,4.789355144500733,0.46000012500000004,-0.024223251342773436
0.47000000000000003,4.779416790008545,0.47000012500000005,-0.024223251342773436
0.48,4.774447612762452,0.480000125,-0.029192123413085937
0.49,4.779416790008545,0.490000125,-0.024223251342773436
0.5,4.7694784355163575,0.500000125,-0.024223251342773436
0.51,4.7694784355163575,0.510000125,-0.029192123413085937
0.52,4.789355144500733,0.520000125,-0.024223251342773436
0.53,4.779416790008545,0.530000125,-0.029192123413085937
0.54,4.784385967254639,0.540000125,-0.024223251342773436
0.55,4.779416790008545,0.5500001250000001,-0.03416099548339844
0.56,4.779416790008545,0.5600001250000001,-0.024223251342773436
0.5700000000000001,4.784385967254639,0.5700001250000001,-0.024223251342773436
0.58,4.779416790008545,0.580000125,-0.024223251342773436
0.59,4.779416790008545,0.590000125,-0.03912986755371094
0.6,4.784385967254639,0.600000125,-0.024223251342773436
0.61,4.784385967254639,0.610000125,-0.019254379272460938
0.62,4.779416790008545,0.620000125,-0.024223251342773436
0.63,4.779416790008545,0.630000125,-0.029192123413085937
0.64,4.789355144500733,0.640000125,-0.019254379272460938
0.65,4.789355144500733,0.650000125,-0.019254379272460938
0.66,4.779416790008545,0.660000125,-0.024223251342773436
0.67,4.774447612762452,0.6700001250000001,-0.029192123413085937
0.68,4.794324321746826,0.6800001250000001,-0.019254379272460938
0.6900000000000001,4.784385967254639,0.6900001250000001,-0.024223251342773436
0.7000000000000001,4.789355144500733,0.7000001250000001,-0.019254379272460938
0.71,4.779416790008545,0.710000125,-0.029192123413085937
0.72,4.794324321746826,0.720000125,-0.019254379272460938
0.73,4.779416790008545,0.730000125,-0.029192123413085937
0.74,4.789355144500733,0.740000125,-0.029192123413085937
0.75,4.794324321746826,0.750000125,-0.029192123413085937
0.76,4.789355144500733,0.760000125,-0.014285507202148436
0.77,4.804262676239014,0.770000125,-0.024223251342773436
0.78,4.794324321746826,0.780000125,-0.029192123413085937
0.79,4.789355144500733,0.790000125,-0.024223251342773436
0.8,4.789355144500733,0.8000001250000001,-0.019254379272460938
0.81,4.784385967254639,0.8100001250000001,-0.029192123413085937
0.8200000000000001,4.784385967254639,0.8200001250000001,-0.03416099548339844
0.8300000000000001,4.784385967254639,0.8300001250000001,-0.03416099548339844
0.84,4.794324321746826,0.840000125,-0.029192123413085937
0.85,4.779416790008545,0.850000125,-0.03416099548339844
0.86,4.794324321746826,0.860000125,-0.024223251342773436
0.87,4.789355144500733,0.870000125,-0.029192123413085937
0.88,4.789355144500733,0.880000125,-0.024223251342773436
0.89,4.784385967254639,0.890000125,-0.029192123413085937
0.9,4.789355144500733,0.900000125,-0.029192123413085937
0.91,4.794324321746826,0.910000125,-0.03416099548339844
0.92,4.789355144500733,0.9200001250000001,-0.024223251342773436
0.93,4.794324321746826,0.9300001250000001,-0.029192123413085937
0.9400000000000001,4.779416790008545,0.9400001250000001,-0.029192123413085937
0.9500000000000001,4.789355144500733,0.9500001250000001,-0.024223251342773436
0.96,4.789355144500733,0.960000125,-0.029192123413085937
0.97,4.784385967254639,0.970000125,-0.029192123413085937
0.98,4.794324321746826,0.980000125,-0.024223251342773436
0.99,4.794324321746826,0.990000125,-0.019254379272460938
1.0,4.789355144500733,1.000000125,-0.029192123413085937
1.01,4.79929349899292,1.010000125,-0.024223251342773436
1.02,4.794324321746826,1.020000125,-0.024223251342773436
1.03,4.794324321746826,1.030000125,-0.019254379272460938
1.04,4.794324321746826,1.040000125,-0.029192123413085937
1.05,4.784385967254639,1.050000125,-0.03416099548339844
1.06,4.79929349899292,1.060000125,-0.024223251342773436
1.07,4.789355144500733,1.070000125,-0.024223251342773436
1.08,4.784385967254639,1.080000125,-0.024223251342773436
1.09,4.784385967254639,1.090000125,-0.024223251342773436
1.1,4.79929349899292,1.100000125,-0.019254379272460938
1.11,4.789355144500733,1.110000125,-0.024223251342773436
1.12,4.794324321746826,1.120000125,-0.024223251342773436
1.1300000000000001,4.789355144500733,1.130000125,-0.029192123413085937
1.1400000000000001,4.789355144500733,1.140000125,-0.029192123413085937
1.1500000000000001,4.794324321746826,1.150000125,-0.019254379272460938
1.16,4.79929349899292,1.1600001249999998,-0.024223251342773436
1.17,4.789355144500733,1.1700001249999998,-0.019254379272460938
1.18,4.789355144500733,1.1800001249999998,-0.024223251342773436
1.19,4.789355144500733,1.1900001249999999,-0.029192123413085937
1.2,4.794324321746826,1.2000001249999999,-0.029192123413085937
1.21,4.79929349899292,1.2100001249999999,-0.024223251342773436
1.22,4.784385967254639,1.2200001249999999,-0.024223251342773436
1.23,4.804262676239014,1.2300001249999999,-0.019254379272460938
1.24,4.79929349899292,1.240000125,-0.019254379272460938
1.25,4.794324321746826,1.250000125,-0.029192123413085937
1.26,4.804262676239014,1.260000125,-0.019254379272460938
1.27,4.789355144500733,1.270000125,-0.029192123413085937
1.28,4.784385967254639,1.280000125,-0.024223251342773436
1.29,4.789355144500733,1.290000125,-0.029192123413085937
1.3,4.794324321746826,1.300000125,-0.029192123413085937
1.31,4.804262676239014,1.310000125,-0.024223251342773436
1.32,4.794324321746826,1.320000125,-0.03416099548339844
1.33,4.794324321746826,1.330000125,-0.019254379272460938
1.34,4.794324321746826,1.340000125,-0.029192123413085937
1.35,4.79929349899292,1.350000125,-0.014285507202148436
1.36,4.789355144500733,1.360000125,-0.03416099548339844
1.37,4.789355144500733,1.370000125,-0.024223251342773436
1.3800000000000001,4.794324321746826,1.380000125,-0.019254379272460938
1.3900000000000001,4.79929349899292,1.390000125,-0.019254379272460938
1.4000000000000001,4.79929349899292,1.400000125,-0.014285507202148436
1.41,4.79929349899292,1.4100001249999998,-0.024223251342773436
1.42,4.79929349899292,1.4200001249999998,-0.03416099548339844
1.43,4.789355144500733,1.4300001249999998,-0.03416099548339844
1.44,4.794324321746826,1.4400001249999999,-0.019254379272460938
1.45,4.79929349899292,1.4500001249999999,-0.024223251342773436
1.46,4.794324321746826,1.4600001249999999,-0.03416099548339844
1.47,4.789355144500733,1.4700001249999999,-0.03416099548339844
1.48,4.804262676239014,1.4800001249999999,-0.03416099548339844
1.49,4.804262676239014,1.490000125,-0.024223251342773436
1.5,4.789355144500733,1.500000125,-0.03416099548339844
1.51,4.794324321746826,1.510000125,-0.024223251342773436
1.52,4.79929349899292,1.520000125,-0.019254379272460938
1.53,4.804262676239014,1.530000125,-0.029192123413085937
1.54,4.794324321746826,1.540000125,-0.029192123413085937
1.55,4.804262676239014,1.550000125,-0.019254379272460938
1.56,4.794324321746826,1.560000125,-0.029192123413085937
1.57,4.794324321746826,1.570000125,-0.029192123413085937
1.58,4.79929349899292,1.580000125,-0.03416099548339844
1.59,4.789355144500733,1.590000125,-0.024223251342773436
1.6,4.79929349899292,1.600000125,-0.029192123413085937
1.61,4.79929349899292,1.610000125,-0.029192123413085937
1.62,4.794324321746826,1.620000125,-0.024223251342773436
1.6300000000000001,4.789355144500733,1.630000125,-0.024223251342773436
1.6400000000000001,4.79929349899292,1.640000125,-0.029192123413085937
1.6500000000000001,4.794324321746826,1.650000125,-0.024223251342773436
1.6600000000000001,4.804262676239014,1.660000125,-0.024223251342773436
1.67,4.79929349899292,1.6700001249999998,-0.024223251342773436
1.68,4.794324321746826,1.6800001249999998,-0.029192123413085937
1.69,4.79929349899292,1.6900001249999999,-0.019254379272460938
1.7,4.804262676239014,1.7000001249999999,-0.024223251342773436
1.71,4.794324321746826,1.7100001249999999,-0.029192123413085937
1.72,4.79929349899292,1.7200001249999999,-0.024223251342773436
1.73,4.804262676239014,1.7300001249999999,-0.019254379272460938
1.74,4.804262676239014,1.740000125,-0.024223251342773436
1.75,4.804262676239014,1.750000125,-0.029192123413085937
1.76,4.79929349899292,1.760000125,-0.019254379272460938
1.77,4.794324321746826,1.770000125,-0.03416099548339844
1.78,4.79929349899292,1.780000125,-0.024223251342773436
1.79,4.79929349899292,1.790000125,-0.019254379272460938
1.8,4.804262676239014,1.800000125,-0.029192123413085937
1.81,4.809231853485108,1.810000125,-0.024223251342773436
1.82,4.794324321746826,1.820000125,-0.024223251342773436
1.83,4.79929349899292,1.830000125,-0.03416099548339844
1.84,4.804262676239014,1.840000125,-0.029192123413085937
1.85,4.79929349899292,1.850000125,-0.024223251342773436
1.86,4.794324321746826,1.860000125,-0.03416099548339844
1.87,4.789355144500733,1.870000125,-0.03416099548339844
1.8800000000000001,4.794324321746826,1.880000125,-0.029192123413085937
1.8900000000000001,4.809231853485108,1.890000125,-0.029192123413085937
1.9000000000000001,4.79929349899292,1.900000125,-0.019254379272460938
1.9100000000000001,4.804262676239014,1.910000125,-0.024223251342773436
1.92,4.79929349899292,1.9200001249999998,-0.024223251342773436
1.93,4.794324321746826,1.9300001249999998,-0.019254379272460938
1.94,4.79929349899292,1.9400001249999999,-0.03416099548339844
1.95,4.804262676239014,1.9500001249999999,-0.019254379272460938
1.96,4.804262676239014,1.9600001249999999,-0.024223251342773436
1.97,4.79929349899292,1.9700001249999999,-0.029192123413085937
1.98,4.79929349899292,1.9800001249999999,-0.029192123413085937
1.99,4.79929349899292,1.990000125,-0.03912986755371094
2.0,4.794324321746826,2.000000125,-0.03416099548339844
2.0100000000000002,4.809231853485108,2.0100001250000004,-0.014285507202148436
2.02,4.794324321746826,2.020000125,-0.029192123413085937
2.0300000000000002,4.794324321746826,2.0300001250000004,-0.024223251342773436
2.04,4.79929349899292,2.040000125,-0.024223251342773436
2.05,4.804262676239014,2.050000125,-0.024223251342773436
2.06,4.794324321746826,2.060000125,-0.024223251342773436
2.07,4.79929349899292,2.070000125,-0.024223251342773436
2.08,4.804262676239014,2.080000125,-0.029192123413085937
2.09,4.814201030731201,2.090000125,-0.019254379272460938
2.1,4.804262676239014,2.100000125,-0.014285507202148436
2.11,4.809231853485108,2.110000125,-0.029192123413085937
2.12,4.79929349899292,2.1200001250000002,-0.024223251342773436
2.13,4.804262676239014,2.130000125,-0.029192123413085937
2.14,4.79929349899292,2.1400001250000003,-0.024223251342773436
2.15,4.79929349899292,2.150000125,-0.024223251342773436
2.16,4.809231853485108,2.1600001250000003,-0.019254379272460938
2.17,4.79929349899292,2.170000125,-0.029192123413085937
2.18,4.79929349899292,2.1800001250000003,-0.029192123413085937
2.19,4.79929349899292,2.190000125,-0.029192123413085937
2.2,4.804262676239014,2.2000001250000003,-0.029192123413085937
2.21,4.794324321746826,2.210000125,-0.024223251342773436
2.22,4.804262676239014,2.2200001250000003,-0.029192123413085937
2.23,4.804262676239014,2.230000125,-0.029192123413085937
2.24,4.804262676239014,2.2400001250000003,-0.019254379272460938
2.25,4.809231853485108,2.250000125,-0.024223251342773436
2.2600000000000002,4.79929349899292,2.2600001250000004,-0.03416099548339844
2.27,4.79929349899292,2.270000125,-0.03416099548339844
2.2800000000000002,4.79929349899292,2.2800001250000004,-0.019254379272460938
2.29,4.804262676239014,2.290000125,-0.024223251342773436
2.3000000000000003,4.79929349899292,2.3000001250000004,-0.03416099548339844
2.31,4.804262676239014,2.310000125,-0.014285507202148436
2.32,4.804262676239014,2.320000125,-0.024223251342773436
2.33,4.814201030731201,2.330000125,-0.024223251342773436
2.34,4.804262676239014,2.340000125,-0.029192123413085937
2.35,4.804262676239014,2.350000125,-0.029192123413085937
2.36,4.804262676239014,2.360000125,-0.024223251342773436
2.37,4.79929349899292,2.3700001250000002,-0.029192123413085937
2.38,4.794324321746826,2.380000125,-0.029192123413085937
2.39,4.79929349899292,2.3900001250000003,-0.024223251342773436
2.4,4.804262676239014,2.400000125,-0.024223251342773436
2.41,4.79929349899292,2.4100001250000003,-0.024223251342773436
2.42,4.79929349899292,2.420000125,-0.029192123413085937
2.43,4.809231853485108,2.4300001250000003,-0.019254379272460938
2.44,4.79929349899292,2.440000125,-0.029192123413085937
2.45,4.804262676239014,2.4500001250000003,-0.024223251342773436
2.46,4.804262676239014,2.460000125,-0.024223251342773436
2.47,4.804262676239014,2.4700001250000003,-0.029192123413085937
2.48,4.804262676239014,2.480000125,-0.024223251342773436
2.49,4.79929349899292,2.4900001250000003,-0.029192123413085937
2.5,4.804262676239014,2.500000125,-0.024223251342773436
2.5100000000000002,4.809231853485108,2.5100001250000004,-0.019254379272460938
2.52,4.79929349899292,2.520000125,-0.03416099548339844
2.5300000000000002,4.809231853485108,2.5300001250000004,-0.024223251342773436
2.54,4.809231853485108,2.540000125,-0.024223251342773436
2.5500000000000003,4.804262676239014,2.5500001250000004,-0.03416099548339844
2.56,4.79929349899292,2.560000125,-0.019254379272460938
2.57,4.804262676239014,2.570000125,-0.019254379272460938
2.58,4.804262676239014,2.580000125,-0.019254379272460938
2.59,4.809231853485108,2.590000125,-0.019254379272460938
2.6,4.804262676239014,2.600000125,-0.019254379272460938
2.61,4.809231853485108,2.610000125,-0.014285507202148436
2.62,4.804262676239014,2.6200001250000002,-0.019254379272460938
2.63,4.809231853485108,2.630000125,-0.019254379272460938
2.64,4.809231853485108,2.6400001250000003,-0.029192123413085937
2.65,4.79929349899292,2.650000125,-0.024223251342773436
2.66,4.804262676239014,2.6600001250000003,-0.019254379272460938
2.67,4.809231853485108,2.670000125,-0.024223251342773436
2.68,4.79929349899292,2.6800001250000003,-0.029192123413085937
2.69,4.804262676239014,2.690000125,-0.024223251342773436
2.7,4.79929349899292,2.7000001250000003,-0.024223251342773436
2.71,4.804262676239014,2.710000125,-0.029192123413085937
2.72,4.79929349899292,2.7200001250000003,-0.024223251342773436
2.73,4.804262676239014,2.730000125,-0.024223251342773436
2.74,4.804262676239014,2.7400001250000003,-0.019254379272460938
2.75,4.794324321746826,2.750000125,-0.03416099548339844
2.7600000000000002,4.804262676239014,2.7600001250000004,-0.03416099548339844
2.77,4.79929349899292,2.770000125,-0.029192123413085937
2.7800000000000002,4.814201030731201,2.7800001250000004,-0.024223251342773436
2.79,4.814201030731201,2.790000125,-0.014285507202148436
2.8000000000000003,4.79929349899292,2.8000001250000004,-0.029192123413085937
2.81,4.804262676239014,2.810000125,-0.03416099548339844
2.82,4.814201030731201,2.820000125,-0.024223251342773436
2.83,4.794324321746826,2.830000125,-0.03416099548339844
2.84,4.79929349899292,2.840000125,-0.03416099548339844
2.85,4.79929349899292,2.850000125,-0.029192123413085937
2.86,4.809231853485108,2.860000125,-0.024223251342773436
2.87,4.804262676239014,2.8700001250000002,-0.03416099548339844
2.88,4.79929349899292,2.880000125,-0.024223251342773436
2.89,4.809231853485108,2.8900001250000003,-0.029192123413085937
2.9,4.804262676239014,2.900000125,-0.024223251342773436
2.91,4.804262676239014,2.9100001250000003,-0.019254379272460938
2.92,4.809231853485108,2.920000125,-0.024223251342773436
2.93,4.79929349899292,2.9300001250000003,-0.029192123413085937
2.94,4.794324321746826,2.940000125,-0.029192123413085937
2.95,4.804262676239014,2.9500001250000003,-0.024223251342773436
2.96,4.809231853485108,2.960000125,-0.024223251342773436
2.97,4.804262676239014,2.9700001250000003,-0.014285507202148436
2.98,4.804262676239014,2.980000125,-0.03416099548339844
2.99,4.79929349899292,2.9900001250000003,-0.03912986755371094
3.0,4.794324321746826,3.000000125,-0.03912986755371094
3.0100000000000002,4.79929349899292,3.0100001250000004,-0.03912986755371094
3.02,4.809231853485108,3.020000125,-0.029192123413085937
3.0300000000000002,4.809231853485108,3.0300001250000004,-0.014285507202148436
3.04,4.794324321746826,3.040000125,-0.029192123413085937
3.0500000000000003,4.794324321746826,3.0500001250000004,-0.03416099548339844
3.06,4.804262676239014,3.060000125,-0.029192123413085937
3.0700000000000003,4.804262676239014,3.0700001250000004,-0.024223251342773436
3.08,4.804262676239014,3.080000125,-0.029192123413085937
3.09,4.804262676239014,3.090000125,-0.024223251342773436
3.1,4.804262676239014,3.100000125,-0.029192123413085937
3.11,4.809231853485108,3.110000125,-0.03416099548339844
3.12,4.794324321746826,3.1200001250000002,-0.019254379272460938
3.13,4.809231853485108,3.130000125,-0.029192123413085937
3.14,4.79929349899292,3.1400001250000003,-0.019254379272460938
3.15,4.794324321746826,3.150000125,-0.03416099548339844
3.16,4.79929349899292,3.1600001250000003,-0.03416099548339844
3.17,4.804262676239014,3.170000125,-0.029192123413085937
3.18,4.804262676239014,3.1800001250000003,-0.024223251342773436
3.19,4.809231853485108,3.190000125,-0.024223251342773436
3.2,4.79929349899292,3.2000001250000003,-0.03912986755371094
3.21,4.804262676239014,3.210000125,-0.03416099548339844
3.22,4.809231853485108,3.2200001250000003,-0.029192123413085937
3.23,4.804262676239014,3.230000125,-0.03416099548339844
3.24,4.814201030731201,3.2400001250000003,-0.024223251342773436
3.25,4.819170207977296,3.250000125,-0.024223251342773436
3.2600000000000002,4.809231853485108,3.2600001250000004,-0.029192123413085937
3.27,4.804262676239014,3.270000125,-0.03416099548339844
3.2800000000000002,4.79929349899292,3.2800001250000004,-0.03416099548339844
3.29,4.809231853485108,3.290000125,-0.029192123413085937
3.3000000000000003,4.79929349899292,3.3000001250000004,-0.029192123413085937
3.31,4.79929349899292,3.310000125,-0.029192123413085937
3.3200000000000003,4.804262676239014,3.3200001250000004,-0.024223251342773436
3.33,4.79929349899292,3.330000125,-0.03416099548339844
3.34,4.79929349899292,3.340000125,-0.03912986755371094
3.35,4.804262676239014,3.350000125,-0.019254379272460938
3.36,4.79929349899292,3.360000125,-0.029192123413085937
3.37,4.804262676239014,3.3700001250000002,-0.03416099548339844
3.38,4.79929349899292,3.380000125,-0.03912986755371094
3.39,0.12329771041870118,3.3900001250000003,-0.03416099548339844
3.4,0.13323606491088869,3.400000125,-0.03416099548339844
3.41,0.12826688766479494,3.4100001250000003,-0.029192123413085937
3.42,0.12826688766479494,3.420000125,-0.029192123413085937
3.43,0.13323606491088869,3.4300001250000003,-0.019254379272460938
3.44,0.12329771041870118,3.440000125,-0.014285507202148436
3.45,0.13323606491088869,3.4500001250000003,-0.03416099548339844
3.46,0.12329771041870118,3.460000125,-0.03416099548339844
3.47,0.12826688766479494,3.4700001250000003,-0.024223251342773436
3.48,0.12329771041870118,3.480000125,-0.024223251342773436
3.49,0.12826688766479494,3.4900001250000003,-0.024223251342773436
3.5,0.12329771041870118,3.500000125,-0.03416099548339844
3.5100000000000002,0.13323606491088869,3.5100001250000004,-0.029192123413085937
3.52,0.11832853317260743,3.520000125,-0.029192123413085937
3.5300000000000002,0.13323606491088869,3.5300001250000004,-0.019254379272460938
3.54,0.12826688766479494,3.540000125,-0.024223251342773436
3.5500000000000003,0.12329771041870118,3.5500001250000004,-0.024223251342773436
3.56,0.13323606491088869,3.560000125,-0.014285507202148436
3.5700000000000003,0.12826688766479494,3.5700001250000004,-0.019254379272460938
3.58,0.12826688766479494,3.580000125,-0.029192123413085937
3.59,0.12329771041870118,3.590000125,-0.029192123413085937
3.6,0.12826688766479494,3.600000125,-0.024223251342773436
3.61,0.12826688766479494,3.610000125,-0.024223251342773436
3.62,0.12826688766479494,3.6200001250000002,-0.019254379272460938
3.63,0.12329771041870118,3.630000125,-0.029192123413085937
3.64,0.12826688766479494,3.6400001250000003,-0.03416099548339844
3.65,0.13323606491088869,3.650000125,-0.029192123413085937
3.66,0.13323606491088869,3.6600001250000003,-0.029192123413085937
3.67,0.11832853317260743,3.670000125,-0.03416099548339844
3.68,0.12329771041870118,3.6800001250000003,-0.019254379272460938
3.69,0.13323606491088869,3.690000125,-0.014285507202148436
3.7,0.13323606491088869,3.7000001250000003,-0.019254379272460938
3.71,0.13323606491088869,3.710000125,-0.019254379272460938
3.72,0.12329771041870118,3.7200001250000003,-0.029192123413085937
3.73,0.12826688766479494,3.730000125,-0.029192123413085937
3.74,0.11832853317260743,3.7400001250000003,-0.024223251342773436
3.75,0.11832853317260743,3.750000125,-0.03416099548339844
3.7600000000000002,0.12826688766479494,3.7600001250000004,-0.014285507202148436
3.77,0.12329771041870118,3.770000125,-0.019254379272460938
3.7800000000000002,0.12329771041870118,3.7800001250000004,-0.029192123413085937
3.79,0.13323606491088869,3.790000125,-0.019254379272460938
3.8000000000000003,0.13323606491088869,3.8000001250000004,-0.024223251342773436
3.81,0.12329771041870118,3.810000125,-0.029192123413085937
3.8200000000000003,0.12329771041870118,3.8200001250000004,-0.03416099548339844
3.83,0.12329771041870118,3.830000125,-0.03416099548339844
3.84,0.12329771041870118,3.840000125,-0.029192123413085937
3.85,0.13323606491088869,3.850000125,-0.029192123413085937
3.86,0.12329771041870118,3.860000125,-0.029192123413085937
3.87,0.12826688766479494,3.8700001250000002,-0.029192123413085937
3.88,0.12329771041870118,3.880000125,-0.03416099548339844
3.89,0.11832853317260743,3.8900001250000003,-0.03416099548339844
3.9,0.12826688766479494,3.900000125,-0.024223251342773436
3.91,0.12329771041870118,3.9100001250000003,-0.024223251342773436
3.92,0.12329771041870118,3.920000125,-0.03416099548339844
3.93,0.11832853317260743,3.9300001250000003,-0.03416099548339844
3.94,0.12826688766479494,3.940000125,-0.029192123413085937
3.95,0.12826688766479494,3.9500001250000003,-0.03416099548339844
3.96,0.12826688766479494,3.960000125,-0.024223251342773436
3.97,0.11832853317260743,3.9700001250000003,-0.029192123413085937
3.98,0.12826688766479494,3.980000125,-0.024223251342773436
3.99,0.12329771041870118,3.9900001250000003,-0.029192123413085937
4.0,0.13323606491088869,4.000000125,-0.03416099548339844
4.01,0.12329771041870118,4.0100001249999995,-0.03912986755371094
4.0200000000000005,0.12826688766479494,4.020000125,-0.024223251342773436
4.03,0.12329771041870118,4.030000125,-0.03416099548339844
4.04,0.13323606491088869,4.040000125,-0.014285507202148436
4.05,0.12826688766479494,4.0500001249999995,-0.029192123413085937
4.0600000000000005,0.13323606491088869,4.060000125,-0.03912986755371094
4.07,0.12329771041870118,4.070000125,-0.03416099548339844
4.08,0.12826688766479494,4.080000125,-0.029192123413085937
4.09,0.12826688766479494,4.0900001249999995,-0.03416099548339844
4.1,0.12826688766479494,4.100000124999999,-0.019254379272460938
4.11,0.12329771041870118,4.110000125,-0.029192123413085937
4.12,0.12329771041870118,4.120000125,-0.029192123413085937
4.13,0.13323606491088869,4.130000125,-0.024223251342773436
4.14,0.12329771041870118,4.140000124999999,-0.024223251342773436
4.15,0.12826688766479494,4.150000125,-0.024223251342773436
4.16,0.12826688766479494,4.160000125,-0.03416099548339844
4.17,0.12329771041870118,4.170000125,-0.029192123413085937
4.18,0.12826688766479494,4.180000124999999,-0.024223251342773436
4.19,0.12329771041870118,4.190000125,-0.029192123413085937
4.2,0.12329771041870118,4.200000125,-0.03416099548339844
4.21,0.12826688766479494,4.210000125,-0.029192123413085937
4.22,0.12329771041870118,4.220000124999999,-0.024223251342773436
4.23,0.14317441940307618,4.230000125,-0.009316635131835936
4.24,0.12826688766479494,4.240000125,-0.019254379272460938
4.25,0.12826688766479494,4.250000125,-0.024223251342773436
4.26,0.12329771041870118,4.2600001249999995,-0.029192123413085937
4.2700000000000005,0.12826688766479494,4.270000125,-0.029192123413085937
4.28,0.12826688766479494,4.280000125,-0.029192123413085937
4.29,0.12826688766479494,4.290000125,-0.029192123413085937
4.3,0.12826688766479494,4.3000001249999995,-0.029192123413085937
4.3100000000000005,0.13323606491088869,4.310000125,-0.03416099548339844
4.32,0.12826688766479494,4.320000125,-0.024223251342773436
4.33,0.11832853317260743,4.330000125,-0.03416099548339844
4.34,0.12329771041870118,4.3400001249999995,-0.03416099548339844
4.3500000000000005,0.12329771041870118,4.350000125,-0.029192123413085937
4.36,0.12329771041870118,4.360000125,-0.03416099548339844
4.37,0.12826688766479494,4.370000125,-0.024223251342773436
4.38,0.12826688766479494,4.380000125,-0.024223251342773436
4.39,0.11832853317260743,4.390000124999999,-0.03416099548339844
4.4,0.12826688766479494,4.400000125,-0.024223251342773436
4.41,0.12826688766479494,4.410000125,-0.024223251342773436
4.42,0.12826688766479494,4.420000125,-0.024223251342773436
4.43,0.12329771041870118,4.430000124999999,-0.03912986755371094
4.44,0.12329771041870118,4.440000125,-0.03416099548339844
4.45,0.12826688766479494,4.450000125,-0.029192123413085937
4.46,0.12329771041870118,4.460000125,-0.03416099548339844
4.47,0.12329771041870118,4.470000124999999,-0.024223251342773436
4.48,0.12329771041870118,4.480000125,-0.029192123413085937
4.49,0.12826688766479494,4.490000125,-0.019254379272460938
4.5,0.12329771041870118,4.500000125,-0.03416099548339844
4.51,0.12826688766479494,4.5100001249999995,-0.029192123413085937
4.5200000000000005,0.12826688766479494,4.520000125,-0.024223251342773436
4.53,0.12826688766479494,4.530000125,-0.019254379272460938
4.54,0.13820524215698243,4.540000125,-0.009316635131835936
4.55,0.12329771041870118,4.5500001249999995,-0.03416099548339844
4.5600000000000005,0.13820524215698243,4.560000125,-0.019254379272460938
4.57,0.13323606491088869,4.570000125,-0.03416099548339844
4.58,0.13323606491088869,4.580000125,-0.029192123413085937
4.59,0.12826688766479494,4.5900001249999995,-0.029192123413085937
4.6000000000000005,0.12826688766479494,4.600000125,-0.024223251342773436
4.61,0.12826688766479494,4.610000125,-0.024223251342773436
4.62,0.12329771041870118,4.620000125,-0.029192123413085937
4.63,0.13323606491088869,4.630000125,-0.024223251342773436
4.64,0.12826688766479494,4.640000124999999,-0.024223251342773436
4.65,0.12826688766479494,4.650000125,-0.029192123413085937
4.66,0.12329771041870118,4.660000125,-0.019254379272460938
4.67,0.13323606491088869,4.670000125,-0.029192123413085937
4.68,0.12329771041870118,4.680000124999999,-0.024223251342773436
4.69,0.12329771041870118,4.690000125,-0.029192123413085937
4.7,0.12826688766479494,4.700000125,-0.029192123413085937
4.71,0.12826688766479494,4.710000125,-0.024223251342773436
4.72,0.12329771041870118,4.720000124999999,-0.03416099548339844
4.73,0.13820524215698243,4.730000125,-0.019254379272460938
4.74,0.12826688766479494,4.740000125,-0.029192123413085937
4.75,0.12329771041870118,4.750000125,-0.024223251342773436
4.76,0.12826688766479494,4.7600001249999995,-0.024223251342773436
4.7700000000000005,0.13323606491088869,4.770000125,-0.029192123413085937
4.78,0.13323606491088869,4.780000125,-0.024223251342773436
4.79,0.12826688766479494,4.790000125,-0.029192123413085937
4.8,0.13323606491088869,4.8000001249999995,-0.019254379272460938
4.8100000000000005,0.12329771041870118,4.810000125,-0.024223251342773436
4.82,0.12826688766479494,4.820000125,-0.019254379272460938
4.83,0.12329771041870118,4.830000125,-0.024223251342773436
4.84,0.11832853317260743,4.8400001249999995,-0.029192123413085937
4.8500000000000005,0.12826688766479494,4.850000125,-0.024223251342773436
4.86,0.12329771041870118,4.860000125,-0.024223251342773436
4.87,0.12329771041870118,4.870000125,-0.03416099548339844
4.88,0.12826688766479494,4.880000125,-0.029192123413085937
4.89,0.12826688766479494,4.890000124999999,-0.03416099548339844
4.9,0.12329771041870118,4.900000125,-0.03416099548339844
4.91,0.13323606491088869,4.910000125,-0.019254379272460938
4.92,0.12826688766479494,4.920000125,-0.024223251342773436
4.93,0.12826688766479494,4.930000124999999,-0.029192123413085937
4.94,0.13323606491088869,4.940000125,-0.019254379272460938
4.95,0.12826688766479494,4.950000125,-0.019254379272460938
4.96,0.12826688766479494,4.960000125,-0.03416099548339844
4.97,0.11832853317260743,4.970000124999999,-0.03416099548339844
4.98,0.12329771041870118,4.980000125,-0.024223251342773436
4.99,0.12329771041870118,4.990000125,-0.029192123413085937
5.0,0.11832853317260743,5.000000125,-0.03416099548339844
5.01,0.13323606491088869,5.0100001249999995,-0.014285507202148436
5.0200000000000005,0.12826688766479494,5.020000125,-0.029192123413085937
5.03,0.12329771041870118,5.030000125,-0.03416099548339844
5.04,0.12826688766479494,5.040000125,-0.024223251342773436
5.05,0.11832853317260743,5.0500001249999995,-0.03416099548339844
5.0600000000000005,0.12329771041870118,5.060000125,-0.03912986755371094
5.07,0.13323606491088869,5.070000125,-0.019254379272460938
5.08,0.12826688766479494,5.080000125,-0.029192123413085937
5.09,0.12329771041870118,5.0900001249999995,-0.029192123413085937
5.1000000000000005,0.12826688766479494,5.100000125,-0.029192123413085937
5.11,0.12329771041870118,5.110000125,-0.03416099548339844
5.12,0.12329771041870118,5.120000125,-0.03912986755371094
5.13,0.12826688766479494,5.130000125,-0.029192123413085937
5.14,0.12826688766479494,5.140000124999999,-0.029192123413085937
5.15,0.12826688766479494,5.150000125,-0.014285507202148436
5.16,0.12329771041870118,5.160000125,-0.019254379272460938
5.17,0.12826688766479494,5.170000125,-0.024223251342773436
5.18,0.12826688766479494,5.180000124999999,-0.03912986755371094
5.19,0.12826688766479494,5.190000125,-0.019254379272460938
5.2,0.12329771041870118,5.200000125,-0.029192123413085937
5.21,0.12826688766479494,5.210000125,-0.03416099548339844
5.22,0.12826688766479494,5.220000124999999,-0.019254379272460938
5.23,0.12329771041870118,5.230000125,-0.03912986755371094
5.24,0.12826688766479494,5.240000125,-0.029192123413085937
5.25,0.13323606491088869,5.250000125,-0.019254379272460938
5.26,0.12826688766479494,5.2600001249999995,-0.029192123413085937
5.2700000000000005,0.12329771041870118,5.270000125,-0.03416099548339844
5.28,0.12329771041870118,5.280000125,-0.024223251342773436
5.29,0.12826688766479494,5.290000125,-0.024223251342773436
5.3,0.13323606491088869,5.3000001249999995,-0.014285507202148436
5.3100000000000005,0.13323606491088869,5.310000125,-0.024223251342773436
5.32,0.12826688766479494,5.320000125,-0.029192123413085937
5.33,0.12329771041870118,5.330000125,-0.024223251342773436
5.34,0.11832853317260743,5.3400001249999995,-0.029192123413085937
5.3500000000000005,0.12329771041870118,5.350000125,-0.024223251342773436
5.36,0.12329771041870118,5.360000125,-0.03416099548339844
5.37,0.13323606491088869,5.370000125,-0.019254379272460938
5.38,0.12826688766479494,5.380000125,-0.029192123413085937
5.39,0.12329771041870118,5.390000124999999,-0.024223251342773436
5.4,0.13323606491088869,5.400000125,-0.019254379272460938
5.41,0.12329771041870118,5.410000125,-0.024223251342773436
5.42,0.11832853317260743,5.420000125,-0.03416099548339844
5.43,0.12826688766479494,5.430000124999999,-0.03416099548339844
5.44,0.13323606491088869,5.440000125,-0.024223251342773436
5.45,0.12826688766479494,5.450000125,-0.024223251342773436
5.46,0.11832853317260743,5.460000125,-0.03416099548339844
5.47,0.12329771041870118,5.470000124999999,-0.03416099548339844
5.48,0.13323606491088869,5.480000125,-0.024223251342773436
5.49,0.12826688766479494,5.490000125,-0.024223251342773436
5.5,0.12826688766479494,5.500000125,-0.024223251342773436
5.51,0.12329771041870118,5.5100001249999995,-0.029192123413085937
5.5200000000000005,0.12329771041870118,5.520000125,-0.024223251342773436
5.53,0.12826688766479494,5.530000125,-0.024223251342773436
5.54,0.13323606491088869,5.540000125,-0.014285507202148436
5.55,0.12826688766479494,5.5500001249999995,-0.024223251342773436
5.5600000000000005,0.13323606491088869,5.560000125,-0.024223251342773436
5.57,0.12329771041870118,5.570000125,-0.029192123413085937
5.58,0.12329771041870118,5.580000125,-0.029192123413085937
5.59,0.12826688766479494,5.5900001249999995,-0.024223251342773436
5.6000000000000005,0.12329771041870118,5.600000125,-0.024223251342773436
5.61,0.12826688766479494,5.610000125,-0.019254379272460938
5.62,0.12329771041870118,5.620000125,-0.024223251342773436
5.63,0.12329771041870118,5.630000125,-0.029192123413085937
5.64,0.12826688766479494,5.640000124999999,-0.019254379272460938
5.65,0.11832853317260743,5.650000125,-0.03416099548339844
5.66,0.13323606491088869,5.660000125,-0.029192123413085937
5.67,0.13323606491088869,5.670000125,-0.024223251342773436
5.68,0.13323606491088869,5.680000124999999,-0.019254379272460938
5.69,0.12329771041870118,5.690000125,-0.019254379272460938
5.7,0.12826688766479494,5.700000125,-0.024223251342773436
5.71,0.13323606491088869,5.710000125,-0.024223251342773436
5.72,0.12826688766479494,5.720000124999999,-0.024223251342773436
5.73,0.12826688766479494,5.730000125,-0.024223251342773436
5.74,0.12826688766479494,5.740000125,-0.024223251342773436
5.75,0.12826688766479494,5.750000125,-0.019254379272460938
5.76,0.12826688766479494,5.7600001249999995,-0.029192123413085937
5.7700000000000005,0.11832853317260743,5.770000125,-0.029192123413085937
5.78,0.12826688766479494,5.780000125,-0.024223251342773436
5.79,0.13323606491088869,5.790000125,-0.019254379272460938
5.8,0.12826688766479494,5.8000001249999995,-0.019254379272460938
5.8100000000000005,0.12826688766479494,5.810000125,-0.029192123413085937
5.82,0.14317441940307618,5.820000125,-0.024223251342773436
5.83,0.12329771041870118,5.830000125,-0.024223251342773436
5.84,0.12826688766479494,5.8400001249999995,-0.03416099548339844
5.8500000000000005,0.12826688766479494,5.850000125,-0.024223251342773436
5.86,0.12329771041870118,5.860000125,-0.024223251342773436
5.87,0.12826688766479494,5.870000125,-0.024223251342773436
5.88,0.13323606491088869,5.880000125,-0.024223251342773436
5.89,0.12329771041870118,5.890000124999999,-0.024223251342773436
5.9,0.12826688766479494,5.900000125,-0.029192123413085937
5.91,0.13323606491088869,5.910000125,-0.019254379272460938
5.92,0.12329771041870118,5.920000125,-0.03416099548339844
5.93,0.12826688766479494,5.930000124999999,-0.029192123413085937
5.94,0.12826688766479494,5.940000125,-0.029192123413085937
5.95,0.13323606491088869,5.950000125,-0.019254379272460938
5.96,0.12826688766479494,5.960000125,-0.029192123413085937
5.97,0.12826688766479494,5.970000124999999,-0.024223251342773436
5.98,0.13820524215698243,5.980000125,-0.024223251342773436
5.99,0.12826688766479494,5.990000125,-0.029192123413085937
6.0,0.13820524215698243,6.000000125,-0.019254379272460938
6.01,0.12826688766479494,6.0100001249999995,-0.029192123413085937
6.0200000000000005,0.12329771041870118,6.020000125,-0.024223251342773436
6.03,0.13323606491088869,6.030000125,-0.019254379272460938
6.04,0.13323606491088869,6.040000125,-0.029192123413085937
6.05,0.13323606491088869,6.0500001249999995,-0.024223251342773436
6.0600000000000005,0.13323606491088869,6.060000125,-0.024223251342773436
6.07,0.13820524215698243,6.070000125,-0.024223251342773436
6.08,0.13323606491088869,6.080000125,-0.019254379272460938
6.09,0.12826688766479494,6.0900001249999995,-0.024223251342773436
6.1000000000000005,0.13820524215698243,6.100000125,-0.024223251342773436
6.11,0.12329771041870118,6.110000125,-0.024223251342773436
6.12,0.12826688766479494,6.120000125,-0.029192123413085937
6.13,0.12826688766479494,6.130000125,-0.024223251342773436
6.140000000000001,0.13323606491088869,6.140000125,-0.024223251342773436
6.15,0.12329771041870118,6.150000125,-0.03416099548339844
6.16,0.12826688766479494,6.160000125,-0.029192123413085937
6.17,0.12826688766479494,6.170000125,-0.019254379272460938
6.18,0.13323606491088869,6.180000124999999,-0.019254379272460938
6.19,0.12329771041870118,6.190000125,-0.029192123413085937
6.2,0.12329771041870118,6.200000125,-0.024223251342773436
6.21,0.11832853317260743,6.210000125,-0.029192123413085937
6.22,0.13323606491088869,6.220000124999999,-0.019254379272460938
6.23,0.12329771041870118,6.230000125,-0.019254379272460938
6.24,0.13323606491088869,6.240000125,-0.019254379272460938
6.25,0.12826688766479494,6.250000125,-0.024223251342773436
6.26,0.11832853317260743,6.2600001249999995,-0.029192123413085937
6.2700000000000005,0.12826688766479494,6.270000125,-0.019254379272460938
6.28,0.14317441940307618,6.280000125,-0.014285507202148436
6.29,0.13820524215698243,6.290000125,-0.019254379272460938
6.3,0.13323606491088869,6.3000001249999995,-0.029192123413085937
6.3100000000000005,0.12329771041870118,6.310000125,-0.019254379272460938
6.32,0.12826688766479494,6.320000125,-0.029192123413085937
6.33,0.13323606491088869,6.330000125,-0.029192123413085937
6.34,0.12329771041870118,6.3400001249999995,-0.019254379272460938
6.3500000000000005,0.12826688766479494,6.350000125,-0.024223251342773436
6.36,0.13820524215698243,6.360000125,-0.024223251342773436
6.37,0.13323606491088869,6.370000125,-0.03416099548339844
6.38,0.13323606491088869,6.380000125,-0.024223251342773436
6.390000000000001,0.12826688766479494,6.390000125,-0.029192123413085937
6.4,0.13323606491088869,6.400000125,-0.024223251342773436
6.41,0.13323606491088869,6.410000125,-0.024223251342773436
6.42,0.12826688766479494,6.420000125,-0.024223251342773436
6.43,0.13323606491088869,6.430000124999999,-0.019254379272460938
6.44,0.12826688766479494,6.440000125,-0.019254379272460938
6.45,0.13323606491088869,6.450000125,-0.029192123413085937
6.46,0.12329771041870118,6.460000125,-0.03416099548339844
6.47,0.12329771041870118,6.470000124999999,-0.024223251342773436
6.48,0.12329771041870118,6.480000125,-0.029192123413085937
6.49,0.12826688766479494,6.490000125,-0.024223251342773436
6.5,0.13323606491088869,6.500000125,-0.029192123413085937
6.51,0.12826688766479494,6.5100001249999995,-0.019254379272460938
6.5200000000000005,0.13323606491088869,6.520000125,-0.024223251342773436
6.53,0.12826688766479494,6.530000125,-0.019254379272460938
6.54,0.13323606491088869,6.540000125,-0.024223251342773436
6.55,0.12826688766479494,6.5500001249999995,-0.024223251342773436
6.5600000000000005,0.12826688766479494,6.560000125,-0.024223251342773436
6.57,0.12826688766479494,6.570000125,-0.024223251342773436
6.58,0.13323606491088869,6.580000125,-0.024223251342773436
6.59,0.12826688766479494,6.5900001249999995,-0.029192123413085937
6.6000000000000005,0.12826688766479494,6.600000125,-0.024223251342773436
6.61,0.12329771041870118,6.610000125,-0.024223251342773436
6.62,0.13323606491088869,6.620000125,-0.024223251342773436
6.63,0.12826688766479494,6.630000125,-0.024223251342773436
6.640000000000001,0.13323606491088869,6.640000125,-0.029192123413085937
6.65,0.12826688766479494,6.650000125,-0.024223251342773436
6.66,0.12826688766479494,6.660000125,-0.024223251342773436
6.67,0.12826688766479494,6.670000125,-0.03912986755371094
6.68,0.12329771041870118,6.680000124999999,-0.024223251342773436
6.69,0.12329771041870118,6.690000125,-0.029192123413085937
6.7,0.12826688766479494,6.700000125,-0.024223251342773436
6.71,0.12826688766479494,6.710000125,-0.029192123413085937
6.72,0.13323606491088869,6.720000124999999,-0.024223251342773436
6.73,0.13820524215698243,6.730000125,-0.014285507202148436
6.74,0.13323606491088869,6.740000125,-0.024223251342773436
6.75,0.12329771041870118,6.750000125,-0.03416099548339844
6.76,0.12826688766479494,6.7600001249999995,-0.019254379272460938
6.7700000000000005,0.12826688766479494,6.770000125,-0.019254379272460938
6.78,0.13820524215698243,6.780000125,-0.024223251342773436
6.79,0.12826688766479494,6.790000125,-0.029192123413085937
6.8,0.12826688766479494,6.8000001249999995,-0.03416099548339844
6.8100000000000005,0.12329771041870118,6.810000125,-0.024223251342773436
6.82,0.12329771041870118,6.820000125,-0.029192123413085937
6.83,0.11832853317260743,6.830000125,-0.03912986755371094
6.84,0.12826688766479494,6.8400001249999995,-0.029192123413085937
6.8500000000000005,0.12826688766479494,6.850000125,-0.024223251342773436
6.86,0.13323606491088869,6.860000125,-0.024223251342773436
6.87,0.13323606491088869,6.870000125,-0.019254379272460938
6.88,0.12826688766479494,6.880000125,-0.024223251342773436
6.890000000000001,0.12826688766479494,6.890000125,-0.03416099548339844
6.9,0.12826688766479494,6.900000125,-0.024223251342773436
6.91,0.11832853317260743,6.910000125,-0.029192123413085937
6.92,0.13323606491088869,6.920000125,-0.019254379272460938
6.93,0.12826688766479494,6.930000124999999,-0.03416099548339844
6.94,0.13820524215698243,6.940000125,-0.019254379272460938
6.95,0.12826688766479494,6.950000125,-0.024223251342773436
6.96,0.13323606491088869,6.960000125,-0.029192123413085937
6.97,0.13323606491088869,6.970000124999999,-0.019254379272460938
6.98,0.12826688766479494,6.980000125,-0.024223251342773436
6.99,0.13820524215698243,6.990000125,-0.024223251342773436
7.0,0.12826688766479494,7.000000125,-0.029192123413085937
7.01,0.12826688766479494,7.0100001249999995,-0.029192123413085937
7.0200000000000005,0.13323606491088869,7.020000125,-0.029192123413085937
7.03,0.12826688766479494,7.030000125,-0.024223251342773436
7.04,0.13323606491088869,7.040000125,-0.024223251342773436
7.05,0.12826688766479494,7.0500001249999995,-0.029192123413085937
7.0600000000000005,0.12329771041870118,7.060000125,-0.024223251342773436
7.07,0.13323606491088869,7.070000125,-0.024223251342773436
7.08,0.12826688766479494,7.080000125,-0.024223251342773436
7.09,0.11832853317260743,7.0900001249999995,-0.029192123413085937
7.1000000000000005,0.12329771041870118,7.100000125,-0.024223251342773436
7.11,0.13820524215698243,7.110000125,-0.024223251342773436
7.12,0.12826688766479494,7.120000125,-0.029192123413085937
7.13,0.12826688766479494,7.130000125,-0.029192123413085937
7.140000000000001,0.13820524215698243,7.140000125,-0.019254379272460938
7.15,0.12826688766479494,7.150000125,-0.029192123413085937
7.16,0.12826688766479494,7.160000125,-0.024223251342773436
7.17,0.12329771041870118,7.170000125,-0.03416099548339844
7.18,0.13323606491088869,7.180000124999999,-0.029192123413085937
7.19,0.13323606491088869,7.190000125,-0.024223251342773436
7.2,0.12329771041870118,7.200000125,-0.024223251342773436
7.21,0.13323606491088869,7.210000125,-0.019254379272460938
7.22,0.13820524215698243,7.220000124999999,-0.029192123413085937
7.23,0.12826688766479494,7.230000125,-0.029192123413085937
7.24,0.12329771041870118,7.240000125,-0.03416099548339844
7.25,0.12329771041870118,7.250000125,-0.024223251342773436
7.26,0.13323606491088869,7.2600001249999995,-0.024223251342773436
7.2700000000000005,0.12826688766479494,7.270000125,-0.024223251342773436
7.28,0.13820524215698243,7.280000125,-0.024223251342773436
7.29,0.12826688766479494,7.290000125,-0.019254379272460938
7.3,0.11832853317260743,7.3000001249999995,-0.044098739624023435
7.3100000000000005,0.12329771041870118,7.310000125,-0.024223251342773436
7.32,0.13820524215698243,7.320000125,-0.024223251342773436
7.33,0.12826688766479494,7.330000125,-0.03416099548339844
7.34,0.12826688766479494,7.3400001249999995,-0.024223251342773436
7.3500000000000005,0.13820524215698243,7.350000125,-0.024223251342773436
7.36,0.12826688766479494,7.360000125,-0.019254379272460938
7.37,0.13323606491088869,7.370000125,-0.024223251342773436
7.38,0.11832853317260743,7.380000125,-0.03416099548339844
7.390000000000001,0.13323606491088869,7.390000125,-0.019254379272460938
7.4,0.12826688766479494,7.400000125,-0.024223251342773436
7.41,0.13323606491088869,7.410000125,-0.024223251342773436
7.42,0.13323606491088869,7.420000125,-0.029192123413085937
7.43,0.12826688766479494,7.430000124999999,-0.024223251342773436
7.44,0.12329771041870118,7.440000125,-0.029192123413085937
7.45,0.12329771041870118,7.450000125,-0.029192123413085937
7.46,0.12329771041870118,7.460000125,-0.029192123413085937
7.47,0.12826688766479494,7.470000124999999,-0.019254379272460938
7.48,0.13323606491088869,7.480000125,-0.019254379272460938
7.49,0.12826688766479494,7.490000125,-0.014285507202148436
