t1,ch1,t2,ch2
-15.0,1.3357769584655763,-14.999999875,2.465181655883789
-14.98,1.3407461357116701,-14.979999875,2.4800882720947266
-14.96,1.3308077812194825,-14.959999875000001,2.465181655883789
-14.94,1.3258386039733887,-14.939999875,2.475119400024414
-14.92,1.3258386039733887,-14.919999875,2.4602127838134766
-14.9,1.3258386039733887,-14.899999875,2.4403372955322267
-14.88,1.3258386039733887,-14.879999875000001,2.435368423461914
-14.86,1.3258386039733887,-14.859999875,2.4502750396728517
-14.84,1.3159002494812013,-14.839999875,2.4800882720947266
-14.82,1.3258386039733887,-14.819999875,2.5198392486572265
-14.8,1.3308077812194825,-14.799999875000001,2.5546213531494137
-14.780000000000001,1.3308077812194825,-14.779999875000001,2.5397147369384765
-14.76,1.3159002494812013,-14.759999875,2.5198392486572265
-14.74,1.3159002494812013,-14.739999875,2.514870376586914
-14.72,1.3208694267272951,-14.719999875000001,2.5099015045166015
-14.700000000000001,1.3159002494812013,-14.699999875000001,2.485057144165039
-14.68,1.3159002494812013,-14.679999875,2.4701505279541016
-14.66,1.3059618949890137,-14.659999875,2.4701505279541016
-14.64,1.3109310722351075,-14.639999875,2.465181655883789
-14.620000000000001,1.3109310722351075,-14.619999875000001,2.4800882720947266
-14.6,1.3159002494812013,-14.599999875,2.494994888305664
-14.58,1.3059618949890137,-14.579999875,2.4999637603759766
-14.56,1.3059618949890137,-14.559999875,2.5198392486572265
-14.540000000000001,1.3059618949890137,-14.539999875000001,2.5297769927978515
-14.52,1.3109310722351075,-14.519999875,2.5446836090087888
-14.5,1.3059618949890137,-14.499999875,2.5794657135009764
-14.48,1.3109310722351075,-14.479999875,2.6092789459228514
-14.46,1.3308077812194825,-14.459999875000001,2.6490299224853513
-14.44,1.3159002494812013,-14.439999875,2.6987186431884767
-14.42,1.3208694267272951,-14.419999875,2.723563003540039
-14.4,1.3258386039733887,-14.399999875,2.743438491821289
-14.38,1.3258386039733887,-14.379999875000001,2.7285318756103516
-14.36,1.3208694267272951,-14.359999875,2.703687515258789
-14.34,1.3258386039733887,-14.339999875,2.6788431549072262
-14.32,1.3258386039733887,-14.319999875,2.6589676666259763
-14.3,1.3159002494812013,-14.299999875000001,2.6192166900634763
-14.280000000000001,1.3308077812194825,-14.279999875000001,2.5894034576416014
-14.26,1.3208694267272951,-14.259999875,2.574496841430664
-14.24,1.3208694267272951,-14.239999875,2.5794657135009764
-14.22,1.3208694267272951,-14.219999875000001,2.5595902252197265
-14.200000000000001,1.3258386039733887,-14.199999875000001,2.5496524810791015
-14.18,1.3308077812194825,-14.179999875,2.5446836090087888
-14.16,1.3159002494812013,-14.159999875,2.5496524810791015
-14.14,1.3159002494812013,-14.139999875,2.564559097290039
-14.120000000000001,1.3258386039733887,-14.119999875000001,2.5695279693603514
-14.1,1.3159002494812013,-14.099999875,2.564559097290039
-14.08,1.3258386039733887,-14.079999875,2.5695279693603514
-14.06,1.3258386039733887,-14.059999875,2.564559097290039
-14.040000000000001,1.3208694267272951,-14.039999875000001,2.5397147369384765
-14.02,1.3059618949890137,-14.019999875,2.4999637603759766
-14.0,1.3159002494812013,-13.999999875,2.475119400024414
-13.98,1.3159002494812013,-13.979999875,2.475119400024414
-13.96,1.3059618949890137,-13.959999875000001,2.465181655883789
-13.94,1.30099271774292,-13.939999875,2.4602127838134766
-13.92,1.3208694267272951,-13.919999875,2.465181655883789
-13.9,1.3109310722351075,-13.899999875,2.485057144165039
-13.88,1.3308077812194825,-13.879999875000001,2.5198392486572265
-13.86,1.3208694267272951,-13.859999875,2.524808120727539
-13.84,1.3109310722351075,-13.839999875,2.5297769927978515
-13.82,1.3059618949890137,-13.819999875,2.5198392486572265
-13.8,1.3159002494812013,-13.799999875000001,2.5198392486572265
-13.780000000000001,1.3059618949890137,-13.779999875000001,2.524808120727539
-13.76,1.3109310722351075,-13.759999875,2.514870376586914
-13.74,1.3109310722351075,-13.739999875,2.4999637603759766
-13.72,1.3109310722351075,-13.719999875000001,2.4800882720947266
-13.700000000000001,1.3059618949890137,-13.699999875000001,2.475119400024414
-13.68,1.3109310722351075,-13.679999875,2.485057144165039
-13.66,1.3208694267272951,-13.659999875,2.5099015045166015
-13.64,1.3059618949890137,-13.639999875,2.4900260162353516
-13.620000000000001,1.30099271774292,-13.619999875000001,2.4900260162353516
-13.6,1.30099271774292,-13.599999875,2.494994888305664
-13.58,1.30099271774292,-13.579999875,2.494994888305664
-13.56,1.2960235404968263,-13.559999875,2.5099015045166015
-13.540000000000001,1.2960235404968263,-13.539999875000001,2.5099015045166015
-13.52,1.30099271774292,-13.519999875,2.5595902252197265
-13.5,1.3059618949890137,-13.499999875,2.644061050415039
-13.48,1.3208694267272951,-13.479999875,2.733500747680664
-13.46,1.3208694267272951,-13.459999875000001,2.773251724243164
-13.44,1.3109310722351075,-13.439999875,2.7682828521728515
-13.42,1.3159002494812013,-13.419999875,2.753376235961914
-13.4,1.3109310722351075,-13.399999875,2.723563003540039
-13.38,1.3208694267272951,-13.379999875000001,2.6887808990478517
-13.36,1.3159002494812013,-13.359999875,2.644061050415039
-13.34,1.3159002494812013,-13.339999875,2.614247817993164
-13.32,1.3159002494812013,-13.319999875,2.5794657135009764
-13.3,1.3208694267272951,-13.299999875000001,2.5546213531494137
-13.280000000000001,1.3159002494812013,-13.279999875000001,2.5397147369384765
-13.26,1.3258386039733887,-13.259999875,2.5397147369384765
-13.24,1.3159002494812013,-13.239999875,2.524808120727539
-13.22,1.3208694267272951,-13.219999875000001,2.5297769927978515
-13.200000000000001,1.3308077812194825,-13.199999875000001,2.5297769927978515
-13.18,1.3258386039733887,-13.179999875,2.5297769927978515
-13.16,1.3159002494812013,-13.159999875,2.534745864868164
-13.14,1.3159002494812013,-13.139999875,2.5446836090087888
-13.120000000000001,1.3159002494812013,-13.119999875000001,2.5297769927978515
-13.1,1.3159002494812013,-13.099999875,2.5297769927978515
-13.08,1.3159002494812013,-13.079999875,2.5198392486572265
-13.06,1.3308077812194825,-13.059999875,2.524808120727539
-13.040000000000001,1.3109310722351075,-13.039999875000001,2.5198392486572265
-13.02,1.3059618949890137,-13.019999875,2.514870376586914
-13.0,1.3208694267272951,-12.999999875,2.514870376586914
-12.98,1.3159002494812013,-12.979999875,2.4999637603759766
-12.96,1.3109310722351075,-12.959999875000001,2.4999637603759766
-12.94,1.30099271774292,-12.939999875,2.475119400024414
-12.92,1.3059618949890137,-12.919999875,2.465181655883789
-12.9,1.3109310722351075,-12.899999875,2.465181655883789
-12.88,1.3059618949890137,-12.879999875000001,2.4800882720947266
-12.86,1.3059618949890137,-12.859999875,2.485057144165039
-12.84,1.30099271774292,-12.839999875,2.485057144165039
-12.82,1.3059618949890137,-12.819999875,2.494994888305664
-12.8,1.3059618949890137,-12.799999875000001,2.494994888305664
-12.780000000000001,1.3159002494812013,-12.779999875000001,2.514870376586914
-12.76,1.3109310722351075,-12.759999875,2.5198392486572265
-12.74,1.3109310722351075,-12.739999875,2.524808120727539
-12.72,1.3109310722351075,-12.719999875000001,2.534745864868164
-12.700000000000001,1.3059618949890137,-12.699999875000001,2.534745864868164
-12.68,1.30099271774292,-12.679999875,2.5397147369384765
-12.66,1.3109310722351075,-12.659999875,2.5446836090087888
-12.64,1.3208694267272951,-12.639999875,2.574496841430664
-12.620000000000001,1.3109310722351075,-12.619999875000001,2.594372329711914
-12.6,1.3208694267272951,-12.599999875,2.663936538696289
-12.58,1.3258386039733887,-12.579999875,2.7484073638916016
-12.56,1.3258386039733887,-12.559999875,2.8179715728759764
-12.540000000000001,1.3357769584655763,-12.539999875000001,2.852753677368164
-12.52,1.3357769584655763,-12.519999875,2.8378470611572264
-12.5,1.3457153129577637,-12.499999875,2.8030649566650387
-12.48,1.3357769584655763,-12.479999875,2.7583451080322265
-12.46,1.3308077812194825,-12.459999875000001,2.6987186431884767
-12.44,1.3357769584655763,-12.439999875,2.6390921783447263
-12.42,1.3258386039733887,-12.419999875,2.604310073852539
-12.4,1.3457153129577637,-12.399999875,2.584434585571289
-12.38,1.3357769584655763,-12.379999875000001,2.5198392486572265
-12.36,1.3357769584655763,-12.359999875,2.494994888305664
-12.34,1.3308077812194825,-12.339999875,2.4502750396728517
-12.32,1.3308077812194825,-12.319999875,2.415492935180664
-12.3,1.3308077812194825,-12.299999875000001,2.4105240631103513
-12.280000000000001,1.3357769584655763,-12.279999875000001,2.405555191040039
-12.26,1.3308077812194825,-12.259999875,2.4005863189697263
-12.24,1.3208694267272951,-12.239999875,2.3906485748291013
-12.22,1.3208694267272951,-12.219999875000001,2.395617446899414
-12.200000000000001,1.3208694267272951,-12.199999875000001,2.3906485748291013
-12.18,1.3208694267272951,-12.179999875,2.3906485748291013
-12.16,1.3208694267272951,-12.159999875,2.4105240631103513
-12.14,1.3159002494812013,-12.139999875,2.415492935180664
-12.120000000000001,1.3308077812194825,-12.119999875000001,2.4303995513916012
-12.1,1.3258386039733887,-12.099999875,2.445306167602539
-12.08,1.3258386039733887,-12.079999875,2.475119400024414
-12.06,1.3258386039733887,-12.059999875,2.4900260162353516
-12.040000000000001,1.3258386039733887,-12.039999875000001,2.4999637603759766
-12.02,1.3208694267272951,-12.019999875,2.494994888305664
-12.0,1.3208694267272951,-11.999999875,2.4900260162353516
-11.98,1.3208694267272951,-11.979999875,2.494994888305664
-11.96,1.3258386039733887,-11.959999875000001,2.504932632446289
-11.94,1.3208694267272951,-11.939999875,2.514870376586914
-11.92,1.3109310722351075,-11.919999875,2.524808120727539
-11.9,1.3258386039733887,-11.899999875,2.5546213531494137
-11.88,1.3159002494812013,-11.879999875000001,2.5546213531494137
-11.86,1.3208694267272951,-11.859999875,2.5397147369384765
-11.84,1.3159002494812013,-11.839999875,2.524808120727539
-11.82,1.3159002494812013,-11.819999875,2.5099015045166015
-11.8,1.3159002494812013,-11.799999875000001,2.4800882720947266
-11.78,1.3159002494812013,-11.779999875,2.4701505279541016
-11.76,1.3258386039733887,-11.759999875,2.4999637603759766
-11.74,1.3258386039733887,-11.739999875,2.5695279693603514
-11.72,1.3308077812194825,-11.719999875000001,2.604310073852539
-11.700000000000001,1.3208694267272951,-11.699999875000001,2.604310073852539
-11.68,1.3208694267272951,-11.679999875,2.5695279693603514
-11.66,1.3208694267272951,-11.659999875,2.5446836090087888
-11.64,1.3159002494812013,-11.639999875,2.524808120727539
-11.620000000000001,1.3208694267272951,-11.619999875000001,2.5297769927978515
-11.6,1.3208694267272951,-11.599999875,2.504932632446289
-11.58,1.3159002494812013,-11.579999875,2.4999637603759766
-11.56,1.3059618949890137,-11.559999875,2.4999637603759766
-11.540000000000001,1.3159002494812013,-11.539999875000001,2.5099015045166015
-11.52,1.3159002494812013,-11.519999875,2.5198392486572265
-11.5,1.3159002494812013,-11.499999875,2.524808120727539
-11.48,1.3159002494812013,-11.479999875,2.524808120727539
-11.46,1.3159002494812013,-11.459999875000001,2.5446836090087888
-11.44,1.3109310722351075,-11.439999875,2.5496524810791015
-11.42,1.3109310722351075,-11.419999875,2.5546213531494137
-11.4,1.3109310722351075,-11.399999875,2.5546213531494137
-11.38,1.3159002494812013,-11.379999875000001,2.5546213531494137
-11.36,1.3159002494812013,-11.359999875,2.5446836090087888
-11.34,1.3109310722351075,-11.339999875,2.5446836090087888
-11.32,1.3109310722351075,-11.319999875,2.524808120727539
-11.3,1.3059618949890137,-11.299999875000001,2.534745864868164
-11.28,1.3208694267272951,-11.279999875,2.5496524810791015
-11.26,1.3208694267272951,-11.259999875,2.5446836090087888
-11.24,1.3109310722351075,-11.239999875,2.534745864868164
-11.22,1.3208694267272951,-11.219999875000001,2.534745864868164
-11.200000000000001,1.3258386039733887,-11.199999875000001,2.534745864868164
-11.18,1.3059618949890137,-11.179999875,2.5446836090087888
-11.16,1.3159002494812013,-11.159999875,2.534745864868164
-11.14,1.3159002494812013,-11.139999875,2.5397147369384765
-11.120000000000001,1.3109310722351075,-11.119999875000001,2.5496524810791015
-11.1,1.3109310722351075,-11.099999875,2.5446836090087888
-11.08,1.3159002494812013,-11.079999875,2.5198392486572265
-11.06,1.3109310722351075,-11.059999875,2.494994888305664
-11.040000000000001,1.3109310722351075,-11.039999875000001,2.4900260162353516
-11.02,1.3159002494812013,-11.019999875,2.5198392486572265
-11.0,1.3159002494812013,-10.999999875,2.574496841430664
-10.98,1.3308077812194825,-10.979999875,2.6490299224853513
-10.96,1.3258386039733887,-10.959999875000001,2.6987186431884767
-10.94,1.3308077812194825,-10.939999875,2.713625259399414
-10.92,1.3258386039733887,-10.919999875,2.7285318756103516
-10.9,1.3208694267272951,-10.899999875,2.713625259399414
-10.88,1.3258386039733887,-10.879999875000001,2.6987186431884767
-10.86,1.3208694267272951,-10.859999875,2.6589676666259763
-10.84,1.3208694267272951,-10.839999875,2.604310073852539
-10.82,1.3308077812194825,-10.819999875,2.5794657135009764
-10.8,1.3308077812194825,-10.799999875000001,2.5446836090087888
-10.78,1.3258386039733887,-10.779999875,2.5198392486572265
-10.76,1.3208694267272951,-10.759999875,2.494994888305664
-10.74,1.3258386039733887,-10.739999875,2.5099015045166015
-10.72,1.3308077812194825,-10.719999875000001,2.5099015045166015
-10.700000000000001,1.3208694267272951,-10.699999875000001,2.504932632446289
-10.68,1.3308077812194825,-10.679999875,2.5099015045166015
-10.66,1.3357769584655763,-10.659999875,2.5397147369384765
-10.64,1.3357769584655763,-10.639999875,2.5446836090087888
-10.620000000000001,1.3258386039733887,-10.619999875000001,2.5546213531494137
-10.6,1.3208694267272951,-10.599999875,2.5496524810791015
-10.58,1.3159002494812013,-10.579999875,2.5695279693603514
-10.56,1.3308077812194825,-10.559999875,2.594372329711914
-10.540000000000001,1.3308077812194825,-10.539999875000001,2.6192166900634763
-10.52,1.3357769584655763,-10.519999875,2.6390921783447263
-10.5,1.3357769584655763,-10.499999875,2.6291544342041013
-10.48,1.3407461357116701,-10.479999875,2.6291544342041013
-10.46,1.3357769584655763,-10.459999875000001,2.6092789459228514
-10.44,1.3308077812194825,-10.439999875,2.584434585571289
-10.42,1.3407461357116701,-10.419999875,2.5496524810791015
-10.4,1.3258386039733887,-10.399999875,2.4800882720947266
-10.38,1.3308077812194825,-10.379999875000001,2.425430679321289
-10.36,1.3357769584655763,-10.359999875,2.3707730865478513
-10.34,1.3208694267272951,-10.339999875,2.345928726196289
-10.32,1.3159002494812013,-10.319999875,2.326053237915039
-10.3,1.3159002494812013,-10.299999875000001,2.326053237915039
-10.28,1.3159002494812013,-10.279999875,2.3409598541259764
-10.26,1.3258386039733887,-10.259999875,2.4105240631103513
-10.24,1.3258386039733887,-10.239999875,2.534745864868164
-10.22,1.3407461357116701,-10.219999875000001,2.634123306274414
-10.200000000000001,1.3308077812194825,-10.199999875000001,2.673874282836914
-10.18,1.3258386039733887,-10.179999875,2.644061050415039
-10.16,1.3258386039733887,-10.159999875,2.624185562133789
-10.14,1.3308077812194825,-10.139999875,2.594372329711914
-10.120000000000001,1.3407461357116701,-10.119999875000001,2.574496841430664
-10.1,1.3357769584655763,-10.099999875,2.574496841430664
-10.08,1.3357769584655763,-10.079999875,2.5496524810791015
-10.06,1.3357769584655763,-10.059999875,2.5297769927978515
-10.040000000000001,1.3258386039733887,-10.039999875000001,2.494994888305664
-10.02,1.3258386039733887,-10.019999875,2.465181655883789
-10.0,1.3208694267272951,-9.999999875,2.455243911743164
-9.98,1.3258386039733887,-9.979999875,2.475119400024414
-9.96,1.3208694267272951,-9.959999875000001,2.4701505279541016
-9.94,1.3159002494812013,-9.939999875,2.465181655883789
-9.92,1.3208694267272951,-9.919999875,2.455243911743164
-9.9,1.3208694267272951,-9.899999875,2.445306167602539
-9.88,1.3208694267272951,-9.879999875000001,2.455243911743164
-9.86,1.3258386039733887,-9.859999875,2.455243911743164
-9.84,1.3258386039733887,-9.839999875,2.4602127838134766
-9.82,1.3258386039733887,-9.819999875,2.4403372955322267
-9.8,1.3159002494812013,-9.799999875000001,2.445306167602539
-9.78,1.3208694267272951,-9.779999875,2.4502750396728517
-9.76,1.3109310722351075,-9.759999875,2.4602127838134766
-9.74,1.3208694267272951,-9.739999875,2.4900260162353516
-9.72,1.3208694267272951,-9.719999875000001,2.5099015045166015
-9.700000000000001,1.3258386039733887,-9.699999875000001,2.5099015045166015
-9.68,1.3159002494812013,-9.679999875,2.524808120727539
-9.66,1.3109310722351075,-9.659999875,2.5297769927978515
-9.64,1.3159002494812013,-9.639999875,2.5446836090087888
-9.620000000000001,1.3258386039733887,-9.619999875000001,2.564559097290039
-9.6,1.3208694267272951,-9.599999875,2.564559097290039
-9.58,1.3208694267272951,-9.579999875,2.594372329711914
-9.56,1.3109310722351075,-9.559999875,2.594372329711914
-9.540000000000001,1.3159002494812013,-9.539999875000001,2.5894034576416014
-9.52,1.3159002494812013,-9.519999875,2.564559097290039
-9.5,1.3109310722351075,-9.499999875,2.5397147369384765
-9.48,1.3109310722351075,-9.479999875,2.534745864868164
-9.46,1.3159002494812013,-9.459999875000001,2.5695279693603514
-9.44,1.3159002494812013,-9.439999875,2.5993412017822264
-9.42,1.3109310722351075,-9.419999875,2.604310073852539
-9.4,1.3159002494812013,-9.399999875,2.5695279693603514
-9.38,1.3208694267272951,-9.379999875000001,2.5546213531494137
-9.36,1.3159002494812013,-9.359999875,2.5297769927978515
-9.34,1.3159002494812013,-9.339999875,2.534745864868164
-9.32,1.3159002494812013,-9.319999875,2.524808120727539
-9.3,1.3159002494812013,-9.299999875000001,2.5099015045166015
-9.28,1.3159002494812013,-9.279999875,2.494994888305664
-9.26,1.3059618949890137,-9.259999875,2.475119400024414
-9.24,1.3159002494812013,-9.239999875,2.475119400024414
-9.22,1.3159002494812013,-9.219999875000001,2.475119400024414
-9.200000000000001,1.3208694267272951,-9.199999875000001,2.455243911743164
-9.18,1.3059618949890137,-9.179999875,2.415492935180664
-9.16,1.2960235404968263,-9.159999875,2.385679702758789
-9.14,1.2960235404968263,-9.139999875,2.3608353424072264
-9.120000000000001,1.2960235404968263,-9.119999875000001,2.335990982055664
-9.1,1.2910543632507325,-9.099999875,2.306177749633789
-9.08,1.281116008758545,-9.079999875,2.2912711334228515
-9.06,1.2860851860046387,-9.059999875,2.286302261352539
-9.040000000000001,1.281116008758545,-9.039999875000001,2.2813333892822265
-9.02,1.281116008758545,-9.019999875,2.2813333892822265
-9.0,1.2662084770202637,-8.999999875,2.2962400054931638
-8.98,1.26123929977417,-8.979999875,2.2912711334228515
-8.96,1.2711776542663575,-8.959999875000001,2.316115493774414
-8.94,1.26123929977417,-8.939999875,2.3210843658447264
-8.92,1.2463317680358887,-8.919999875,2.326053237915039
-8.9,1.2513009452819825,-8.899999875,2.3310221099853514
-8.88,1.26123929977417,-8.879999875000001,2.3409598541259764
-8.86,1.241362590789795,-8.859999875,2.3508975982666014
-8.84,1.2463317680358887,-8.839999875,2.355866470336914
-8.82,1.2363934135437014,-8.819999875,2.3608353424072264
-8.8,1.2363934135437014,-8.799999875000001,2.3707730865478513
-8.78,1.2264550590515138,-8.779999875,2.3906485748291013
-8.76,1.22148588180542,-8.759999875,2.385679702758789
-8.74,1.2363934135437014,-8.739999875,2.4005863189697263
-8.72,1.22148588180542,-8.719999875000001,2.385679702758789
-8.700000000000001,1.2264550590515138,-8.699999875000001,2.395617446899414
-8.68,1.2165167045593264,-8.679999875,2.3906485748291013
-8.66,1.2165167045593264,-8.659999875,2.395617446899414
-8.64,1.2115475273132326,-8.639999875,2.405555191040039
-8.620000000000001,1.2165167045593264,-8.619999875000001,2.445306167602539
-8.6,1.2165167045593264,-8.599999875,2.5297769927978515
-8.58,1.2165167045593264,-8.579999875,2.5794657135009764
-8.56,1.2165167045593264,-8.559999875,2.5993412017822264
-8.540000000000001,1.2115475273132326,-8.539999875000001,2.584434585571289
-8.52,1.2115475273132326,-8.519999875,2.574496841430664
-8.5,1.2065783500671388,-8.499999875,2.564559097290039
-8.48,1.2065783500671388,-8.479999875,2.5595902252197265
-8.46,1.2165167045593264,-8.459999875000001,2.5546213531494137
-8.44,1.2065783500671388,-8.439999875,2.5446836090087888
-8.42,1.201609172821045,-8.419999875,2.534745864868164
-8.4,1.201609172821045,-8.399999875,2.5397147369384765
-8.38,1.1916708183288576,-8.379999875000001,2.5198392486572265
-8.36,1.1966399955749512,-8.359999875,2.524808120727539
-8.34,1.1867016410827638,-8.339999875,2.5198392486572265
-8.32,1.1916708183288576,-8.319999875,2.5198392486572265
-8.3,1.1966399955749512,-8.299999875000001,2.5198392486572265
-8.28,1.18173246383667,-8.279999875,2.4999637603759766
-8.26,1.1916708183288576,-8.259999875,2.4999637603759766
-8.24,1.18173246383667,-8.239999875,2.494994888305664
-8.22,1.1717941093444826,-8.219999875000001,2.485057144165039
-8.2,1.1717941093444826,-8.199999875,2.475119400024414
-8.18,1.1767632865905762,-8.179999875,2.475119400024414
-8.16,1.1668249320983888,-8.159999875,2.4800882720947266
-8.14,1.1668249320983888,-8.139999875,2.4701505279541016
-8.120000000000001,1.161855754852295,-8.119999875000001,2.475119400024414
-8.1,1.1668249320983888,-8.099999875,2.4800882720947266
-8.08,1.1568865776062012,-8.079999875,2.4701505279541016
-8.06,1.1568865776062012,-8.059999875,2.4800882720947266
-8.040000000000001,1.161855754852295,-8.039999875000001,2.4999637603759766
-8.02,1.1519174003601076,-8.019999875,2.494994888305664
-8.0,1.1519174003601076,-7.999999875,2.485057144165039
-7.98,1.1519174003601076,-7.979999875000001,2.485057144165039
-7.96,1.1469482231140138,-7.959999875,2.485057144165039
-7.94,1.1370098686218262,-7.939999875000001,2.485057144165039
-7.92,1.1469482231140138,-7.919999875,2.4999637603759766
-7.9,1.14197904586792,-7.899999875000001,2.4900260162353516
-7.88,1.1320406913757326,-7.879999875,2.4900260162353516
-7.86,1.1270715141296388,-7.859999875000001,2.4999637603759766
-7.84,1.1270715141296388,-7.839999875,2.5099015045166015
-7.82,1.1270715141296388,-7.819999875000001,2.504932632446289
-7.8,1.1320406913757326,-7.799999875,2.504932632446289
-7.78,1.1270715141296388,-7.779999875000001,2.5099015045166015
-7.76,1.122102336883545,-7.759999875,2.5099015045166015
-7.74,1.1270715141296388,-7.7399998750000005,2.5446836090087888
-7.72,1.1270715141296388,-7.719999875,2.584434585571289
-7.7,1.1171331596374512,-7.6999998750000005,2.604310073852539
-7.68,1.1171331596374512,-7.679999875,2.604310073852539
-7.66,1.1320406913757326,-7.6599998750000005,2.614247817993164
-7.640000000000001,1.122102336883545,-7.639999875000001,2.5993412017822264
-7.62,1.1121639823913576,-7.619999875,2.594372329711914
-7.6000000000000005,1.1071948051452638,-7.599999875000001,2.5894034576416014
-7.58,1.122102336883545,-7.579999875,2.584434585571289
-7.5600000000000005,1.10222562789917,-7.559999875000001,2.564559097290039
-7.54,1.1121639823913576,-7.539999875,2.5446836090087888
-7.5200000000000005,1.1071948051452638,-7.519999875000001,2.534745864868164
-7.5,1.0972564506530762,-7.499999875,2.5099015045166015
-7.48,1.10222562789917,-7.479999875000001,2.504932632446289
-7.46,1.1071948051452638,-7.459999875,2.494994888305664
-7.44,1.0972564506530762,-7.439999875000001,2.504932632446289
-7.42,1.0972564506530762,-7.419999875,2.4999637603759766
-7.4,1.0972564506530762,-7.399999875000001,2.5198392486572265
-7.38,1.0972564506530762,-7.379999875,2.5297769927978515
-7.36,1.0922872734069824,-7.359999875000001,2.524808120727539
-7.34,1.0873180961608888,-7.339999875,2.514870376586914
-7.32,1.0873180961608888,-7.319999875000001,2.5099015045166015
-7.3,1.0773797416687012,-7.299999875,2.4999637603759766
-7.28,1.082348918914795,-7.279999875000001,2.504932632446289
-7.26,1.0773797416687012,-7.259999875,2.4999637603759766
-7.24,1.0773797416687012,-7.2399998750000005,2.5198392486572265
-7.22,1.0724105644226074,-7.219999875,2.5297769927978515
-7.2,1.0674413871765138,-7.1999998750000005,2.534745864868164
-7.18,1.0724105644226074,-7.179999875,2.5397147369384765
-7.16,1.0724105644226074,-7.1599998750000005,2.5397147369384765
-7.140000000000001,1.0674413871765138,-7.139999875000001,2.5446836090087888
-7.12,1.06247220993042,-7.119999875,2.5446836090087888
-7.1000000000000005,1.0724105644226074,-7.099999875000001,2.5397147369384765
-7.08,1.0575030326843262,-7.079999875,2.5446836090087888
-7.0600000000000005,1.0575030326843262,-7.059999875000001,2.5397147369384765
-7.04,1.06247220993042,-7.039999875,2.5496524810791015
-7.0200000000000005,1.0475646781921388,-7.019999875000001,2.5446836090087888
-7.0,1.0525338554382324,-6.999999875,2.5546213531494137
-6.98,1.0475646781921388,-6.979999875000001,2.564559097290039
-6.96,1.0525338554382324,-6.959999875,2.5794657135009764
-6.94,1.0525338554382324,-6.939999875000001,2.5894034576416014
-6.92,1.0475646781921388,-6.919999875,2.594372329711914
-6.9,1.0475646781921388,-6.899999875000001,2.5894034576416014
-6.88,1.0475646781921388,-6.879999875,2.5894034576416014
-6.86,1.0475646781921388,-6.859999875000001,2.614247817993164
-6.84,1.0475646781921388,-6.839999875,2.6390921783447263
-6.82,1.0475646781921388,-6.819999875000001,2.6390921783447263
-6.8,1.042595500946045,-6.799999875,2.6192166900634763
-6.78,1.0475646781921388,-6.779999875000001,2.6092789459228514
-6.76,1.0376263236999512,-6.759999875,2.6092789459228514
-6.74,1.042595500946045,-6.7399998750000005,2.614247817993164
-6.72,1.0376263236999512,-6.719999875,2.5993412017822264
-6.7,1.0475646781921388,-6.6999998750000005,2.604310073852539
-6.68,1.0376263236999512,-6.679999875,2.5794657135009764
-6.66,1.0326571464538574,-6.6599998750000005,2.5695279693603514
-6.640000000000001,1.0326571464538574,-6.639999875000001,2.564559097290039
-6.62,1.0376263236999512,-6.619999875,2.564559097290039
-6.6000000000000005,1.0276879692077638,-6.599999875000001,2.5546213531494137
-6.58,1.0276879692077638,-6.579999875,2.5595902252197265
-6.5600000000000005,1.0276879692077638,-6.559999875000001,2.5546213531494137
-6.54,1.02271879196167,-6.539999875,2.5496524810791015
-6.5200000000000005,1.0276879692077638,-6.519999875000001,2.5397147369384765
-6.5,1.0326571464538574,-6.499999875,2.5397147369384765
-6.48,1.02271879196167,-6.479999875000001,2.534745864868164
-6.46,1.02271879196167,-6.459999875,2.5397147369384765
-6.44,1.0078112602233888,-6.439999875000001,2.534745864868164
-6.42,1.02271879196167,-6.419999875,2.5397147369384765
-6.4,1.0127804374694824,-6.399999875000001,2.534745864868164
-6.38,1.0127804374694824,-6.379999875,2.534745864868164
-6.36,1.0078112602233888,-6.359999875000001,2.524808120727539
-6.34,0.9978729057312012,-6.339999875,2.524808120727539
-6.32,1.0078112602233888,-6.319999875000001,2.5198392486572265
-6.3,1.0078112602233888,-6.299999875,2.524808120727539
-6.28,1.0078112602233888,-6.279999875000001,2.524808120727539
-6.26,1.0078112602233888,-6.259999875,2.514870376586914
-6.24,0.9929037284851076,-6.2399998750000005,2.5198392486572265
-6.22,0.9978729057312012,-6.219999875,2.5198392486572265
-6.2,0.9978729057312012,-6.1999998750000005,2.5198392486572265
-6.18,0.9978729057312012,-6.179999875,2.514870376586914
-6.16,0.9879345512390137,-6.1599998750000005,2.5099015045166015
-6.140000000000001,0.9929037284851076,-6.139999875000001,2.504932632446289
-6.12,0.9879345512390137,-6.119999875,2.524808120727539
-6.1000000000000005,0.9879345512390137,-6.099999875000001,2.5297769927978515
-6.08,0.9929037284851076,-6.079999875,2.5695279693603514
-6.0600000000000005,0.9779961967468263,-6.059999875000001,2.5794657135009764
-6.04,0.9879345512390137,-6.039999875,2.5993412017822264
-6.0200000000000005,0.9929037284851076,-6.019999875000001,2.5993412017822264
-6.0,0.9929037284851076,-5.999999875,2.604310073852539
-5.98,0.9829653739929199,-5.979999875000001,2.604310073852539
-5.96,0.9829653739929199,-5.959999875,2.5894034576416014
-5.94,0.9879345512390137,-5.939999875000001,2.594372329711914
-5.92,0.9730270195007324,-5.919999875,2.5894034576416014
-5.9,0.9879345512390137,-5.899999875000001,2.5894034576416014
-5.88,0.9779961967468263,-5.879999875,2.584434585571289
-5.86,0.9730270195007324,-5.859999875000001,2.5695279693603514
-5.84,0.9779961967468263,-5.839999875,2.574496841430664
-5.82,0.9829653739929199,-5.819999875000001,2.574496841430664
-5.8,0.9730270195007324,-5.799999875,2.5595902252197265
-5.78,0.9730270195007324,-5.779999875000001,2.574496841430664
-5.76,0.9680578422546388,-5.759999875,2.5546213531494137
-5.74,0.9730270195007324,-5.7399998750000005,2.5595902252197265
-5.72,0.9680578422546388,-5.719999875,2.5496524810791015
-5.7,0.963088665008545,-5.6999998750000005,2.5446836090087888
-5.68,0.9730270195007324,-5.679999875,2.5546213531494137
-5.66,0.963088665008545,-5.6599998750000005,2.5446836090087888
-5.64,0.9581194877624513,-5.639999875,2.5397147369384765
-5.62,0.963088665008545,-5.619999875,2.534745864868164
-5.6000000000000005,0.963088665008545,-5.599999875000001,2.5297769927978515
-5.58,0.963088665008545,-5.579999875,2.5397147369384765
-5.5600000000000005,0.9581194877624513,-5.559999875000001,2.534745864868164
-5.54,0.963088665008545,-5.539999875,2.534745864868164
-5.5200000000000005,0.9581194877624513,-5.519999875000001,2.5297769927978515
-5.5,0.9531503105163575,-5.499999875,2.5297769927978515
-5.48,0.9481811332702638,-5.479999875000001,2.524808120727539
-5.46,0.9481811332702638,-5.459999875,2.534745864868164
-5.44,0.94321195602417,-5.439999875000001,2.534745864868164
-5.42,0.9481811332702638,-5.419999875,2.5397147369384765
-5.4,0.9481811332702638,-5.399999875000001,2.5397147369384765
-5.38,0.9382427787780763,-5.379999875,2.5297769927978515
-5.36,0.94321195602417,-5.359999875000001,2.5297769927978515
-5.34,0.94321195602417,-5.339999875,2.514870376586914
-5.32,0.9382427787780763,-5.319999875000001,2.5297769927978515
-5.3,0.9531503105163575,-5.299999875,2.5546213531494137
-5.28,0.9382427787780763,-5.279999875000001,2.5894034576416014
-5.26,0.94321195602417,-5.259999875,2.614247817993164
-5.24,0.94321195602417,-5.2399998750000005,2.634123306274414
-5.22,0.94321195602417,-5.219999875,2.6390921783447263
-5.2,0.9382427787780763,-5.1999998750000005,2.6390921783447263
-5.18,0.9382427787780763,-5.179999875,2.6390921783447263
-5.16,0.9382427787780763,-5.1599998750000005,2.644061050415039
-5.14,0.9481811332702638,-5.139999875,2.6390921783447263
-5.12,0.94321195602417,-5.119999875,2.634123306274414
-5.1000000000000005,0.9382427787780763,-5.099999875000001,2.634123306274414
-5.08,0.9332736015319825,-5.079999875,2.624185562133789
-5.0600000000000005,0.94321195602417,-5.059999875000001,2.6192166900634763
-5.04,0.9382427787780763,-5.039999875,2.6092789459228514
-5.0200000000000005,0.9332736015319825,-5.019999875000001,2.5894034576416014
-5.0,0.9332736015319825,-4.999999875,2.594372329711914
-4.98,0.9382427787780763,-4.979999875000001,2.5894034576416014
-4.96,0.9382427787780763,-4.959999875,2.5695279693603514
-4.94,0.9332736015319825,-4.939999875000001,2.5595902252197265
-4.92,0.9332736015319825,-4.919999875,2.5446836090087888
-4.9,0.923335247039795,-4.899999875000001,2.504932632446289
-4.88,0.9283044242858888,-4.879999875,2.485057144165039
-4.86,0.9283044242858888,-4.859999875000001,2.4701505279541016
-4.84,0.9183660697937013,-4.839999875,2.455243911743164
-4.82,0.923335247039795,-4.819999875000001,2.4602127838134766
-4.8,0.9133968925476075,-4.799999875,2.4800882720947266
-4.78,0.9183660697937013,-4.779999875000001,2.5099015045166015
-4.76,0.923335247039795,-4.759999875,2.5198392486572265
-4.74,0.9183660697937013,-4.7399998750000005,2.5397147369384765
-4.72,0.9183660697937013,-4.719999875,2.5397147369384765
-4.7,0.9133968925476075,-4.6999998750000005,2.5446836090087888
-4.68,0.9133968925476075,-4.679999875,2.5496524810791015
-4.66,0.9183660697937013,-4.6599998750000005,2.564559097290039
-4.64,0.9133968925476075,-4.639999875,2.5546213531494137
-4.62,0.9084277153015138,-4.619999875,2.5546213531494137
-4.6000000000000005,0.9084277153015138,-4.599999875000001,2.5446836090087888
-4.58,0.9084277153015138,-4.579999875,2.5446836090087888
-4.5600000000000005,0.90345853805542,-4.559999875000001,2.5297769927978515
-4.54,0.9084277153015138,-4.539999875,2.5198392486572265
-4.5200000000000005,0.90345853805542,-4.519999875000001,2.504932632446289
-4.5,0.8935201835632325,-4.499999875,2.4999637603759766
-4.48,0.8984893608093263,-4.479999875000001,2.5297769927978515
-4.46,0.9084277153015138,-4.459999875,2.5446836090087888
-4.44,0.90345853805542,-4.439999875000001,2.5546213531494137
-4.42,0.90345853805542,-4.419999875,2.574496841430664
-4.4,0.90345853805542,-4.399999875000001,2.574496841430664
-4.38,0.90345853805542,-4.379999875,2.574496841430664
-4.36,0.90345853805542,-4.359999875000001,2.564559097290039
-4.34,0.8935201835632325,-4.339999875,2.5595902252197265
-4.32,0.8935201835632325,-4.319999875000001,2.5546213531494137
-4.3,0.8984893608093263,-4.299999875,2.564559097290039
-4.28,0.8885510063171388,-4.279999875000001,2.564559097290039
-4.26,0.8984893608093263,-4.259999875,2.564559097290039
-4.24,0.8935201835632325,-4.2399998750000005,2.5496524810791015
-4.22,0.8885510063171388,-4.219999875,2.5496524810791015
-4.2,0.8935201835632325,-4.1999998750000005,2.5595902252197265
-4.18,0.8885510063171388,-4.179999875,2.5595902252197265
-4.16,0.8885510063171388,-4.1599998750000005,2.5496524810791015
-4.14,0.8885510063171388,-4.139999875,2.5496524810791015
-4.12,0.8885510063171388,-4.119999875,2.5397147369384765
-4.1,0.8885510063171388,-4.099999875,2.5397147369384765
-4.08,0.8786126518249512,-4.079999875,2.534745864868164
-4.0600000000000005,0.8885510063171388,-4.059999875000001,2.5297769927978515
-4.04,0.8786126518249512,-4.039999875,2.5099015045166015
-4.0200000000000005,0.883581829071045,-4.019999875000001,2.5099015045166015
-4.0,0.8786126518249512,-3.999999875,2.504932632446289
-3.98,0.8736434745788575,-3.979999875,2.504932632446289
-3.96,0.8686742973327637,-3.959999875,2.504932632446289
-3.94,0.8736434745788575,-3.939999875,2.5099015045166015
-3.92,0.8686742973327637,-3.919999875,2.514870376586914
-3.9,0.86370512008667,-3.899999875,2.5198392486572265
-3.88,0.8686742973327637,-3.8799998749999998,2.514870376586914
-3.86,0.8686742973327637,-3.8599998749999997,2.5198392486572265
-3.84,0.8587359428405762,-3.8399998749999997,2.514870376586914
-3.8200000000000003,0.8686742973327637,-3.819999875,2.514870376586914
-3.8000000000000003,0.8587359428405762,-3.799999875,2.514870376586914
-3.7800000000000002,0.86370512008667,-3.779999875,2.5099015045166015
-3.7600000000000002,0.8587359428405762,-3.759999875,2.524808120727539
-3.74,0.8537667655944825,-3.739999875,2.524808120727539
-3.72,0.8587359428405762,-3.719999875,2.534745864868164
-3.7,0.86370512008667,-3.699999875,2.534745864868164
-3.68,0.8487975883483887,-3.679999875,2.5297769927978515
-3.66,0.8487975883483887,-3.659999875,2.524808120727539
-3.64,0.8537667655944825,-3.639999875,2.534745864868164
-3.62,0.8587359428405762,-3.619999875,2.5595902252197265
-3.6,0.8587359428405762,-3.599999875,2.5595902252197265
-3.58,0.8487975883483887,-3.579999875,2.584434585571289
-3.56,0.8487975883483887,-3.559999875,2.574496841430664
-3.54,0.8487975883483887,-3.539999875,2.584434585571289
-3.52,0.8487975883483887,-3.519999875,2.5894034576416014
-3.5,0.8487975883483887,-3.499999875,2.5894034576416014
-3.48,0.8537667655944825,-3.479999875,2.594372329711914
-3.46,0.8487975883483887,-3.459999875,2.5993412017822264
-3.44,0.8487975883483887,-3.439999875,2.594372329711914
-3.42,0.8487975883483887,-3.419999875,2.5894034576416014
-3.4,0.8487975883483887,-3.399999875,2.5894034576416014
-3.38,0.843828411102295,-3.3799998749999998,2.5794657135009764
-3.36,0.8487975883483887,-3.3599998749999997,2.574496841430664
-3.34,0.8487975883483887,-3.3399998749999997,2.5695279693603514
-3.3200000000000003,0.843828411102295,-3.319999875,2.5595902252197265
-3.3000000000000003,0.843828411102295,-3.299999875,2.5546213531494137
-3.2800000000000002,0.8487975883483887,-3.279999875,2.5496524810791015
-3.2600000000000002,0.8388592338562012,-3.259999875,2.5397147369384765
-3.24,0.843828411102295,-3.239999875,2.5546213531494137
-3.22,0.8388592338562012,-3.219999875,2.5397147369384765
-3.2,0.8388592338562012,-3.199999875,2.5496524810791015
-3.18,0.843828411102295,-3.179999875,2.5496524810791015
-3.16,0.843828411102295,-3.159999875,2.5546213531494137
-3.14,0.8388592338562012,-3.139999875,2.5546213531494137
-3.12,0.8388592338562012,-3.119999875,2.5595902252197265
-3.1,0.8388592338562012,-3.099999875,2.5546213531494137
-3.08,0.8388592338562012,-3.079999875,2.5496524810791015
-3.06,0.8388592338562012,-3.059999875,2.5496524810791015
-3.04,0.8338900566101075,-3.039999875,2.5397147369384765
-3.02,0.8289208793640137,-3.019999875,2.5297769927978515
-3.0,0.8338900566101075,-2.999999875,2.5198392486572265
-2.98,0.8289208793640137,-2.979999875,2.5198392486572265
-2.96,0.8388592338562012,-2.959999875,2.5198392486572265
-2.94,0.8289208793640137,-2.939999875,2.5099015045166015
-2.92,0.8289208793640137,-2.919999875,2.514870376586914
-2.9,0.8289208793640137,-2.899999875,2.514870376586914
-2.88,0.82395170211792,-2.8799998749999998,2.514870376586914
-2.86,0.8289208793640137,-2.8599998749999997,2.524808120727539
-2.84,0.8289208793640137,-2.8399998749999997,2.534745864868164
-2.82,0.8189825248718262,-2.8199998749999997,2.5546213531494137
-2.8000000000000003,0.8140133476257325,-2.799999875,2.5595902252197265
-2.7800000000000002,0.8289208793640137,-2.779999875,2.574496841430664
-2.7600000000000002,0.8289208793640137,-2.759999875,2.584434585571289
-2.74,0.8189825248718262,-2.739999875,2.574496841430664
-2.72,0.8140133476257325,-2.719999875,2.5695279693603514
-2.7,0.8189825248718262,-2.699999875,2.5695279693603514
-2.68,0.8189825248718262,-2.679999875,2.564559097290039
-2.66,0.8140133476257325,-2.659999875,2.5595902252197265
-2.64,0.8140133476257325,-2.639999875,2.5546213531494137
-2.62,0.8140133476257325,-2.619999875,2.5546213531494137
-2.6,0.8140133476257325,-2.599999875,2.5496524810791015
-2.58,0.804074993133545,-2.579999875,2.5397147369384765
-2.56,0.8090441703796387,-2.559999875,2.5496524810791015
-2.54,0.8090441703796387,-2.539999875,2.5546213531494137
-2.52,0.8090441703796387,-2.519999875,2.5595902252197265
-2.5,0.7991058158874512,-2.499999875,2.5446836090087888
-2.48,0.804074993133545,-2.479999875,2.5397147369384765
-2.46,0.8090441703796387,-2.459999875,2.524808120727539
-2.44,0.8140133476257325,-2.439999875,2.514870376586914
-2.42,0.8090441703796387,-2.419999875,2.4999637603759766
-2.4,0.8090441703796387,-2.399999875,2.504932632446289
-2.38,0.804074993133545,-2.3799998749999998,2.4999637603759766
-2.36,0.8140133476257325,-2.3599998749999997,2.494994888305664
-2.34,0.804074993133545,-2.3399998749999997,2.4900260162353516
-2.32,0.7941366386413575,-2.3199998749999997,2.4999637603759766
-2.3000000000000003,0.7891674613952637,-2.299999875,2.494994888305664
-2.2800000000000002,0.7941366386413575,-2.279999875,2.4999637603759766
-2.2600000000000002,0.7891674613952637,-2.259999875,2.504932632446289
-2.24,0.7991058158874512,-2.239999875,2.4999637603759766
-2.22,0.7991058158874512,-2.219999875,2.514870376586914
-2.2,0.78419828414917,-2.199999875,2.5198392486572265
-2.18,0.7891674613952637,-2.179999875,2.5198392486572265
-2.16,0.7891674613952637,-2.159999875,2.514870376586914
-2.14,0.7792291069030762,-2.139999875,2.5198392486572265
-2.12,0.7891674613952637,-2.119999875,2.5297769927978515
-2.1,0.7891674613952637,-2.099999875,2.524808120727539
-2.08,0.7891674613952637,-2.079999875,2.5397147369384765
-2.06,0.78419828414917,-2.059999875,2.5297769927978515
-2.04,0.7941366386413575,-2.039999875,2.5397147369384765
-2.02,0.7891674613952637,-2.019999875,2.534745864868164
-2.0,0.7891674613952637,-1.999999875,2.5546213531494137
-1.98,0.7891674613952637,-1.979999875,2.564559097290039
-1.96,0.7792291069030762,-1.959999875,2.5695279693603514
-1.94,0.78419828414917,-1.939999875,2.574496841430664
-1.92,0.7792291069030762,-1.919999875,2.5695279693603514
-1.9000000000000001,0.7742599296569824,-1.8999998750000002,2.574496841430664
-1.8800000000000001,0.78419828414917,-1.8799998750000002,2.584434585571289
-1.86,0.7742599296569824,-1.8599998750000002,2.584434585571289
-1.84,0.78419828414917,-1.8399998750000002,2.584434585571289
-1.82,0.7792291069030762,-1.8199998750000002,2.584434585571289
-1.8,0.7742599296569824,-1.7999998750000001,2.584434585571289
-1.78,0.7742599296569824,-1.7799998750000001,2.5794657135009764
-1.76,0.7742599296569824,-1.759999875,2.574496841430664
-1.74,0.7792291069030762,-1.739999875,2.5695279693603514
-1.72,0.7692907524108887,-1.719999875,2.5595902252197265
-1.7,0.78419828414917,-1.699999875,2.564559097290039
-1.68,0.7742599296569824,-1.679999875,2.5546213531494137
-1.6600000000000001,0.7742599296569824,-1.6599998750000002,2.5496524810791015
-1.6400000000000001,0.7742599296569824,-1.6399998750000002,2.5496524810791015
-1.62,0.7692907524108887,-1.6199998750000002,2.5496524810791015
-1.6,0.7692907524108887,-1.5999998750000002,2.534745864868164
-1.58,0.7543832206726074,-1.5799998750000002,2.534745864868164
-1.56,0.7643215751647949,-1.5599998750000001,2.534745864868164
-1.54,0.7593523979187012,-1.5399998750000001,2.5297769927978515
-1.52,0.7643215751647949,-1.5199998750000001,2.5297769927978515
-1.5,0.7593523979187012,-1.499999875,2.534745864868164
-1.48,0.7692907524108887,-1.479999875,2.5297769927978515
-1.46,0.7593523979187012,-1.459999875,2.534745864868164
-1.44,0.7543832206726074,-1.439999875,2.5297769927978515
-1.42,0.7692907524108887,-1.419999875,2.5297769927978515
-1.4000000000000001,0.7543832206726074,-1.3999998750000002,2.524808120727539
-1.3800000000000001,0.7543832206726074,-1.3799998750000002,2.514870376586914
-1.36,0.7593523979187012,-1.3599998750000002,2.5297769927978515
-1.34,0.7543832206726074,-1.3399998750000002,2.5297769927978515
-1.32,0.7543832206726074,-1.3199998750000002,2.5297769927978515
-1.3,0.7494140434265137,-1.2999998750000001,2.524808120727539
-1.28,0.7593523979187012,-1.2799998750000001,2.5397147369384765
-1.26,0.7444448661804199,-1.259999875,2.534745864868164
-1.24,0.7593523979187012,-1.239999875,2.5397147369384765
-1.22,0.7543832206726074,-1.219999875,2.5397147369384765
-1.2,0.7593523979187012,-1.199999875,2.5546213531494137
-1.18,0.7543832206726074,-1.179999875,2.564559097290039
-1.16,0.7494140434265137,-1.159999875,2.574496841430664
-1.1400000000000001,0.7494140434265137,-1.1399998750000002,2.5595902252197265
-1.12,0.7543832206726074,-1.1199998750000002,2.5695279693603514
-1.1,0.7494140434265137,-1.0999998750000002,2.5695279693603514
-1.08,0.7444448661804199,-1.0799998750000002,2.564559097290039
-1.06,0.7444448661804199,-1.0599998750000001,2.564559097290039
-1.04,0.7494140434265137,-1.0399998750000001,2.564559097290039
-1.02,0.7494140434265137,-1.0199998750000001,2.564559097290039
-1.0,0.7394756889343262,-0.999999875,2.5695279693603514
-0.98,0.7444448661804199,-0.979999875,2.564559097290039
-0.96,0.7394756889343262,-0.959999875,2.5546213531494137
-0.9400000000000001,0.7494140434265137,-0.939999875,2.5546213531494137
-0.92,0.7494140434265137,-0.919999875,2.5546213531494137
-0.9,0.7543832206726074,-0.899999875,2.5496524810791015
-0.88,0.7394756889343262,-0.879999875,2.5297769927978515
-0.86,0.7394756889343262,-0.859999875,2.534745864868164
-0.84,0.7345065116882324,-0.839999875,2.5397147369384765
-0.8200000000000001,0.7394756889343262,-0.819999875,2.5496524810791015
-0.8,0.7394756889343262,-0.799999875,2.534745864868164
-0.78,0.7394756889343262,-0.779999875,2.534745864868164
-0.76,0.7444448661804199,-0.759999875,2.5397147369384765
-0.74,0.7345065116882324,-0.739999875,2.5198392486572265
-0.72,0.7345065116882324,-0.719999875,2.534745864868164
-0.7000000000000001,0.724568157196045,-0.699999875,2.5198392486572265
-0.68,0.7345065116882324,-0.679999875,2.514870376586914
-0.66,0.7345065116882324,-0.659999875,2.524808120727539
-0.64,0.7295373344421388,-0.639999875,2.524808120727539
-0.62,0.7345065116882324,-0.619999875,2.524808120727539
-0.6,0.724568157196045,-0.599999875,2.5198392486572265
-0.58,0.7195989799499513,-0.5799998749999999,2.524808120727539
-0.56,0.7195989799499513,-0.559999875,2.5297769927978515
-0.54,0.7345065116882324,-0.539999875,2.534745864868164
-0.52,0.7146298027038575,-0.519999875,2.514870376586914
-0.5,0.7146298027038575,-0.499999875,2.5198392486572265
-0.48,0.7295373344421388,-0.47999987499999996,2.524808120727539
-0.46,0.7195989799499513,-0.459999875,2.5198392486572265
-0.44,0.7195989799499513,-0.439999875,2.514870376586914
-0.42,0.7195989799499513,-0.41999987499999997,2.524808120727539
-0.4,0.7195989799499513,-0.399999875,2.5297769927978515
-0.38,0.7146298027038575,-0.379999875,2.5446836090087888
-0.36,0.7195989799499513,-0.35999987499999997,2.5595902252197265
-0.34,0.724568157196045,-0.339999875,2.564559097290039
-0.32,0.7195989799499513,-0.319999875,2.564559097290039
-0.3,0.7295373344421388,-0.29999987499999997,2.564559097290039
-0.28,0.7146298027038575,-0.279999875,2.5695279693603514
-0.26,0.724568157196045,-0.259999875,2.574496841430664
-0.24,0.724568157196045,-0.239999875,2.5894034576416014
-0.22,0.7195989799499513,-0.219999875,2.584434585571289
-0.2,0.7146298027038575,-0.19999987500000002,2.5794657135009764
-0.18,0.7146298027038575,-0.179999875,2.5794657135009764
-0.16,0.7146298027038575,-0.159999875,2.574496841430664
-0.14,0.7146298027038575,-0.13999987500000002,2.5695279693603514
-0.12,0.7146298027038575,-0.11999987499999999,2.5595902252197265
-0.1,0.7096606254577638,-0.099999875,2.5496524810791015
-0.08,0.7146298027038575,-0.079999875,2.5496524810791015
-0.06,0.7146298027038575,-0.059999875,2.5546213531494137
-0.04,0.7146298027038575,-0.039999875000000004,2.5446836090087888
-0.02,0.7146298027038575,-0.019999875,2.5446836090087888
0.0,0.7195989799499513,1.25e-07,2.534745864868164
0.02,0.7096606254577638,0.020000125,2.5397147369384765
0.04,0.7146298027038575,0.040000125,2.5446836090087888
0.06,0.7096606254577638,0.060000124999999994,2.524808120727539
0.08,0.7146298027038575,0.080000125,2.524808120727539
0.1,0.7195989799499513,0.10000012500000001,2.5297769927978515
0.12,0.70469144821167,0.120000125,2.534745864868164
0.14,0.70469144821167,0.140000125,2.5297769927978515
0.16,0.70469144821167,0.160000125,2.5297769927978515
0.18,0.7096606254577638,0.18000012499999998,2.5297769927978515
0.2,0.6997222709655763,0.200000125,2.524808120727539
0.22,0.6947530937194825,0.220000125,2.524808120727539
0.24,0.6997222709655763,0.24000012499999998,2.5297769927978515
0.26,0.6997222709655763,0.260000125,2.534745864868164
0.28,0.6997222709655763,0.28000012500000004,2.5297769927978515
0.3,0.7096606254577638,0.300000125,2.5198392486572265
0.32,0.70469144821167,0.320000125,2.5297769927978515
0.34,0.70469144821167,0.34000012500000004,2.5198392486572265
0.36,0.6947530937194825,0.360000125,2.524808120727539
0.38,0.6997222709655763,0.380000125,2.534745864868164
0.4,0.6897839164733888,0.40000012500000004,2.5297769927978515
0.42,0.6897839164733888,0.420000125,2.5297769927978515
0.44,0.6897839164733888,0.440000125,2.5397147369384765
0.46,0.6897839164733888,0.46000012500000004,2.5546213531494137
0.48,0.6798455619812013,0.480000125,2.5496524810791015
0.5,0.684814739227295,0.500000125,2.564559097290039
0.52,0.6897839164733888,0.520000125,2.5546213531494137
0.54,0.6947530937194825,0.540000125,2.564559097290039
0.56,0.6897839164733888,0.5600001250000001,2.5595902252197265
0.58,0.6897839164733888,0.580000125,2.564559097290039
0.6,0.684814739227295,0.600000125,2.564559097290039
0.62,0.6997222709655763,0.620000125,2.574496841430664
0.64,0.6897839164733888,0.640000125,2.5546213531494137
0.66,0.6897839164733888,0.660000125,2.564559097290039
0.68,0.6897839164733888,0.6800001250000001,2.5695279693603514
0.7000000000000001,0.6997222709655763,0.7000001250000001,2.564559097290039
0.72,0.6897839164733888,0.720000125,2.5496524810791015
0.74,0.684814739227295,0.740000125,2.5446836090087888
0.76,0.6997222709655763,0.760000125,2.5496524810791015
0.78,0.6897839164733888,0.780000125,2.5397147369384765
0.8,0.684814739227295,0.8000001250000001,2.5397147369384765
0.8200000000000001,0.6798455619812013,0.8200001250000001,2.534745864868164
0.84,0.6897839164733888,0.840000125,2.5297769927978515
0.86,0.6897839164733888,0.860000125,2.5397147369384765
0.88,0.6798455619812013,0.880000125,2.524808120727539
0.9,0.6798455619812013,0.900000125,2.534745864868164
0.92,0.6897839164733888,0.9200001250000001,2.534745864868164
0.9400000000000001,0.6798455619812013,0.9400001250000001,2.5297769927978515
0.96,0.6798455619812013,0.960000125,2.5297769927978515
0.98,0.6699072074890138,0.980000125,2.524808120727539
1.0,0.6699072074890138,1.000000125,2.5198392486572265
1.02,0.6748763847351075,1.020000125,2.5198392486572265
1.04,0.6748763847351075,1.040000125,2.514870376586914
1.06,0.6798455619812013,1.060000125,2.524808120727539
1.08,0.6798455619812013,1.080000125,2.534745864868164
1.1,0.6699072074890138,1.100000125,2.5297769927978515
1.12,0.6699072074890138,1.120000125,2.5198392486572265
1.1400000000000001,0.6699072074890138,1.140000125,2.5297769927978515
1.16,0.6699072074890138,1.1600001249999998,2.524808120727539
1.18,0.6748763847351075,1.1800001249999998,2.5297769927978515
1.2,0.66493803024292,1.2000001249999999,2.534745864868164
1.22,0.66493803024292,1.2200001249999999,2.534745864868164
1.24,0.6748763847351075,1.240000125,2.5397147369384765
1.26,0.6699072074890138,1.260000125,2.534745864868164
1.28,0.66493803024292,1.280000125,2.5297769927978515
1.3,0.6599688529968262,1.300000125,2.5297769927978515
1.32,0.6699072074890138,1.320000125,2.5397147369384765
1.34,0.6549996757507325,1.340000125,2.5496524810791015
1.36,0.6748763847351075,1.360000125,2.5595902252197265
1.3800000000000001,0.66493803024292,1.380000125,2.5546213531494137
1.4000000000000001,0.6549996757507325,1.400000125,2.564559097290039
1.42,0.66493803024292,1.4200001249999998,2.5496524810791015
1.44,0.6549996757507325,1.4400001249999999,2.5595902252197265
1.46,0.66493803024292,1.4600001249999999,2.5546213531494137
1.48,0.6599688529968262,1.4800001249999999,2.5546213531494137
1.5,0.6699072074890138,1.500000125,2.5595902252197265
1.52,0.6500304985046387,1.520000125,2.5546213531494137
1.54,0.66493803024292,1.540000125,2.5595902252197265
1.56,0.66493803024292,1.560000125,2.564559097290039
1.58,0.6599688529968262,1.580000125,2.5496524810791015
1.6,0.6549996757507325,1.600000125,2.5496524810791015
1.62,0.6699072074890138,1.620000125,2.5496524810791015
1.6400000000000001,0.6699072074890138,1.640000125,2.5496524810791015
1.6600000000000001,0.66493803024292,1.660000125,2.5446836090087888
1.68,0.6549996757507325,1.6800001249999998,2.534745864868164
1.7,0.6549996757507325,1.7000001249999999,2.5397147369384765
1.72,0.6549996757507325,1.7200001249999999,2.5397147369384765
1.74,0.6500304985046387,1.740000125,2.524808120727539
1.76,0.6549996757507325,1.760000125,2.5198392486572265
1.78,0.6500304985046387,1.780000125,2.5297769927978515
1.8,0.6549996757507325,1.800000125,2.5297769927978515
1.82,0.6549996757507325,1.820000125,2.5297769927978515
1.84,0.645061321258545,1.840000125,2.5198392486572265
1.86,0.6549996757507325,1.860000125,2.534745864868164
1.8800000000000001,0.6549996757507325,1.880000125,2.524808120727539
1.9000000000000001,0.6500304985046387,1.900000125,2.524808120727539
1.92,0.6599688529968262,1.9200001249999998,2.5297769927978515
1.94,0.6400921440124512,1.9400001249999999,2.524808120727539
1.96,0.6500304985046387,1.9600001249999999,2.524808120727539
1.98,0.6500304985046387,1.9800001249999999,2.5297769927978515
2.0,0.6400921440124512,2.000000125,2.524808120727539
2.02,0.6351229667663575,2.020000125,2.514870376586914
2.04,0.6400921440124512,2.040000125,2.524808120727539
2.06,0.6400921440124512,2.060000125,2.524808120727539
2.08,0.645061321258545,2.080000125,2.524808120727539
2.1,0.6301537895202637,2.100000125,2.534745864868164
2.12,0.6400921440124512,2.1200001250000002,2.524808120727539
2.14,0.6301537895202637,2.1400001250000003,2.5297769927978515
2.16,0.6301537895202637,2.1600001250000003,2.5297769927978515
2.18,0.6400921440124512,2.1800001250000003,2.534745864868164
2.2,0.6351229667663575,2.2000001250000003,2.5397147369384765
2.22,0.6351229667663575,2.2200001250000003,2.5446836090087888
2.24,0.6351229667663575,2.2400001250000003,2.5595902252197265
2.2600000000000002,0.645061321258545,2.2600001250000004,2.5595902252197265
2.2800000000000002,0.6351229667663575,2.2800001250000004,2.5595902252197265
2.3000000000000003,0.6351229667663575,2.3000001250000004,2.5496524810791015
2.32,0.6351229667663575,2.320000125,2.5446836090087888
2.34,0.6351229667663575,2.340000125,2.5595902252197265
2.36,0.6351229667663575,2.360000125,2.5546213531494137
2.38,0.6400921440124512,2.380000125,2.564559097290039
2.4,0.6400921440124512,2.400000125,2.5546213531494137
2.42,0.6301537895202637,2.420000125,2.5595902252197265
2.44,0.62518461227417,2.440000125,2.5496524810791015
2.46,0.62518461227417,2.460000125,2.5595902252197265
2.48,0.645061321258545,2.480000125,2.5595902252197265
2.5,0.6351229667663575,2.500000125,2.5397147369384765
2.52,0.6301537895202637,2.520000125,2.5397147369384765
2.54,0.6351229667663575,2.540000125,2.5397147369384765
2.56,0.6351229667663575,2.560000125,2.5397147369384765
2.58,0.62518461227417,2.580000125,2.534745864868164
2.6,0.6351229667663575,2.600000125,2.5397147369384765
2.62,0.62518461227417,2.6200001250000002,2.5297769927978515
2.64,0.6301537895202637,2.6400001250000003,2.524808120727539
2.66,0.6351229667663575,2.6600001250000003,2.5297769927978515
2.68,0.62518461227417,2.6800001250000003,2.524808120727539
2.7,0.6301537895202637,2.7000001250000003,2.5297769927978515
2.72,0.62518461227417,2.7200001250000003,2.524808120727539
2.74,0.62518461227417,2.7400001250000003,2.514870376586914
2.7600000000000002,0.6301537895202637,2.7600001250000004,2.524808120727539
2.7800000000000002,0.6202154350280762,2.7800001250000004,2.524808120727539
2.8000000000000003,0.62518461227417,2.8000001250000004,2.524808120727539
2.82,0.6202154350280762,2.820000125,2.524808120727539
2.84,0.62518461227417,2.840000125,2.524808120727539
2.86,0.6301537895202637,2.860000125,2.534745864868164
2.88,0.62518461227417,2.880000125,2.534745864868164
2.9,0.6351229667663575,2.900000125,2.5297769927978515
2.92,0.62518461227417,2.920000125,2.5297769927978515
2.94,0.62518461227417,2.940000125,2.524808120727539
2.96,0.6202154350280762,2.960000125,2.5297769927978515
2.98,0.6202154350280762,2.980000125,2.534745864868164
3.0,0.6202154350280762,3.000000125,2.5397147369384765
3.02,0.6202154350280762,3.020000125,2.5397147369384765
3.04,0.6202154350280762,3.040000125,2.5496524810791015
3.06,0.6202154350280762,3.060000125,2.5546213531494137
3.08,0.6152462577819825,3.080000125,2.5595902252197265
3.1,0.6152462577819825,3.100000125,2.5546213531494137
3.12,0.6102770805358887,3.1200001250000002,2.5546213531494137
3.14,0.6152462577819825,3.1400001250000003,2.5546213531494137
3.16,0.6202154350280762,3.1600001250000003,2.5496524810791015
3.18,0.6202154350280762,3.1800001250000003,2.5595902252197265
3.2,0.6202154350280762,3.2000001250000003,2.564559097290039
3.22,0.6152462577819825,3.2200001250000003,2.5595902252197265
3.24,0.6152462577819825,3.2400001250000003,2.5595902252197265
3.2600000000000002,0.6152462577819825,3.2600001250000004,2.5595902252197265
3.2800000000000002,0.6152462577819825,3.2800001250000004,2.5496524810791015
3.3000000000000003,0.6202154350280762,3.3000001250000004,2.5546213531494137
3.3200000000000003,0.6202154350280762,3.3200001250000004,2.5446836090087888
3.34,0.6152462577819825,3.340000125,2.5446836090087888
3.36,0.6102770805358887,3.360000125,2.5446836090087888
3.38,0.6102770805358887,3.380000125,2.5446836090087888
3.4,0.6152462577819825,3.400000125,2.5446836090087888
3.42,0.6102770805358887,3.420000125,2.534745864868164
3.44,0.6102770805358887,3.440000125,2.5297769927978515
3.46,0.605307903289795,3.460000125,2.524808120727539
3.48,0.6102770805358887,3.480000125,2.534745864868164
3.5,0.605307903289795,3.500000125,2.5297769927978515
3.52,0.6152462577819825,3.520000125,2.5397147369384765
3.54,0.6102770805358887,3.540000125,2.524808120727539
3.56,0.605307903289795,3.560000125,2.524808120727539
3.58,0.605307903289795,3.580000125,2.534745864868164
3.6,0.6003387260437012,3.600000125,2.5297769927978515
3.62,0.605307903289795,3.6200001250000002,2.5297769927978515
3.64,0.6102770805358887,3.6400001250000003,2.524808120727539
3.66,0.5953695487976075,3.6600001250000003,2.524808120727539
3.68,0.6003387260437012,3.6800001250000003,2.5297769927978515
3.7,0.6152462577819825,3.7000001250000003,2.5297769927978515
3.72,0.6003387260437012,3.7200001250000003,2.5297769927978515
3.74,0.6003387260437012,3.7400001250000003,2.534745864868164
3.7600000000000002,0.6003387260437012,3.7600001250000004,2.5397147369384765
3.7800000000000002,0.605307903289795,3.7800001250000004,2.524808120727539
3.8000000000000003,0.605307903289795,3.8000001250000004,2.5397147369384765
3.8200000000000003,0.6003387260437012,3.8200001250000004,2.5297769927978515
3.84,0.6102770805358887,3.840000125,2.5297769927978515
3.86,0.605307903289795,3.860000125,2.5496524810791015
3.88,0.6003387260437012,3.880000125,2.5496524810791015
3.9,0.6003387260437012,3.900000125,2.5546213531494137
3.92,0.6003387260437012,3.920000125,2.5595902252197265
3.94,0.5904003715515137,3.940000125,2.5546213531494137
3.96,0.605307903289795,3.960000125,2.5546213531494137
3.98,0.5953695487976075,3.980000125,2.5496524810791015
4.0,0.5904003715515137,4.000000125,2.5446836090087888
4.0200000000000005,0.5904003715515137,4.020000125,2.5546213531494137
4.04,0.6003387260437012,4.040000125,2.564559097290039
4.0600000000000005,0.5904003715515137,4.060000125,2.5496524810791015
4.08,0.6003387260437012,4.080000125,2.564559097290039
4.1,0.5953695487976075,4.100000124999999,2.5496524810791015
4.12,0.6003387260437012,4.120000125,2.5546213531494137
4.14,0.6003387260437012,4.140000124999999,2.5446836090087888
4.16,0.5904003715515137,4.160000125,2.5496524810791015
4.18,0.5953695487976075,4.180000124999999,2.5397147369384765
4.2,0.605307903289795,4.200000125,2.5496524810791015
4.22,0.5953695487976075,4.220000124999999,2.5496524810791015
4.24,0.6003387260437012,4.240000125,2.5397147369384765
4.26,0.5953695487976075,4.2600001249999995,2.5397147369384765
4.28,0.5953695487976075,4.280000125,2.5446836090087888
4.3,0.6003387260437012,4.3000001249999995,2.5446836090087888
4.32,0.58543119430542,4.320000125,2.534745864868164
4.34,0.5953695487976075,4.3400001249999995,2.5397147369384765
4.36,0.6003387260437012,4.360000125,2.534745864868164
4.38,0.6003387260437012,4.380000125,2.5397147369384765
4.4,0.5904003715515137,4.400000125,2.5397147369384765
4.42,0.5904003715515137,4.420000125,2.534745864868164
4.44,0.5804620170593262,4.440000125,2.534745864868164
4.46,0.5904003715515137,4.460000125,2.534745864868164
4.48,0.58543119430542,4.480000125,2.534745864868164
4.5,0.5754928398132325,4.500000125,2.5297769927978515
4.5200000000000005,0.5804620170593262,4.520000125,2.5297769927978515
4.54,0.58543119430542,4.540000125,2.524808120727539
4.5600000000000005,0.5904003715515137,4.560000125,2.534745864868164
4.58,0.58543119430542,4.580000125,2.534745864868164
4.6000000000000005,0.58543119430542,4.600000125,2.5397147369384765
4.62,0.5804620170593262,4.620000125,2.5496524810791015
4.64,0.5904003715515137,4.640000124999999,2.5446836090087888
4.66,0.5804620170593262,4.660000125,2.5496524810791015
4.68,0.5904003715515137,4.680000124999999,2.5546213531494137
4.7,0.5754928398132325,4.700000125,2.5546213531494137
4.72,0.58543119430542,4.720000124999999,2.5546213531494137
4.74,0.5804620170593262,4.740000125,2.5446836090087888
4.76,0.58543119430542,4.7600001249999995,2.5496524810791015
4.78,0.5804620170593262,4.780000125,2.5446836090087888
4.8,0.58543119430542,4.8000001249999995,2.5446836090087888
4.82,0.58543119430542,4.820000125,2.5496524810791015
4.84,0.58543119430542,4.8400001249999995,2.5546213531494137
4.86,0.58543119430542,4.860000125,2.5496524810791015
4.88,0.58543119430542,4.880000125,2.5546213531494137
4.9,0.5754928398132325,4.900000125,2.5446836090087888
4.92,0.58543119430542,4.920000125,2.5446836090087888
4.94,0.5804620170593262,4.940000125,2.5397147369384765
4.96,0.5754928398132325,4.960000125,2.5446836090087888
4.98,0.5754928398132325,4.980000125,2.534745864868164
5.0,0.5754928398132325,5.000000125,2.5397147369384765
5.0200000000000005,0.5804620170593262,5.020000125,2.5397147369384765
5.04,0.5754928398132325,5.040000125,2.524808120727539
5.0600000000000005,0.565554485321045,5.060000125,2.514870376586914
5.08,0.5804620170593262,5.080000125,2.5198392486572265
5.1000000000000005,0.58543119430542,5.100000125,2.534745864868164
5.12,0.5705236625671387,5.120000125,2.524808120727539
5.14,0.5705236625671387,5.140000124999999,2.514870376586914
5.16,0.5705236625671387,5.160000125,2.524808120727539
5.18,0.565554485321045,5.180000124999999,2.5198392486572265
5.2,0.5754928398132325,5.200000125,2.5297769927978515
5.22,0.5705236625671387,5.220000124999999,2.5397147369384765
5.24,0.5754928398132325,5.240000125,2.5198392486572265
5.26,0.5804620170593262,5.2600001249999995,2.5397147369384765
5.28,0.5754928398132325,5.280000125,2.534745864868164
5.3,0.5605853080749512,5.3000001249999995,2.524808120727539
5.32,0.565554485321045,5.320000125,2.534745864868164
5.34,0.565554485321045,5.3400001249999995,2.5297769927978515
5.36,0.5705236625671387,5.360000125,2.534745864868164
5.38,0.5556161308288574,5.380000125,2.5297769927978515
5.4,0.5605853080749512,5.400000125,2.534745864868164
5.42,0.5705236625671387,5.420000125,2.5397147369384765
5.44,0.5705236625671387,5.440000125,2.5546213531494137
5.46,0.565554485321045,5.460000125,2.5496524810791015
5.48,0.5605853080749512,5.480000125,2.5496524810791015
5.5,0.5705236625671387,5.500000125,2.5496524810791015
5.5200000000000005,0.5605853080749512,5.520000125,2.5446836090087888
5.54,0.5605853080749512,5.540000125,2.5496524810791015
5.5600000000000005,0.5605853080749512,5.560000125,2.5397147369384765
5.58,0.565554485321045,5.580000125,2.5496524810791015
5.6000000000000005,0.5605853080749512,5.600000125,2.5546213531494137
5.62,0.5754928398132325,5.620000125,2.5546213531494137
5.64,0.565554485321045,5.640000124999999,2.5546213531494137
5.66,0.5605853080749512,5.660000125,2.5397147369384765
5.68,0.5754928398132325,5.680000124999999,2.5496524810791015
5.7,0.5705236625671387,5.700000125,2.5496524810791015
5.72,0.565554485321045,5.720000124999999,2.5446836090087888
5.74,0.5605853080749512,5.740000125,2.5446836090087888
5.76,0.5605853080749512,5.7600001249999995,2.5397147369384765
5.78,0.5705236625671387,5.780000125,2.5397147369384765
5.8,0.5556161308288574,5.8000001249999995,2.5297769927978515
5.82,0.5605853080749512,5.820000125,2.534745864868164
5.84,0.5605853080749512,5.8400001249999995,2.5297769927978515
5.86,0.5556161308288574,5.860000125,2.5198392486572265
5.88,0.5556161308288574,5.880000125,2.524808120727539
5.9,0.5556161308288574,5.900000125,2.534745864868164
5.92,0.5556161308288574,5.920000125,2.524808120727539
5.94,0.565554485321045,5.940000125,2.5297769927978515
5.96,0.5506469535827637,5.960000125,2.534745864868164
5.98,0.5456777763366699,5.980000125,2.514870376586914
6.0,0.5556161308288574,6.000000125,2.534745864868164
6.0200000000000005,0.5556161308288574,6.020000125,2.5297769927978515
6.04,0.5456777763366699,6.040000125,2.524808120727539
6.0600000000000005,0.5605853080749512,6.060000125,2.524808120727539
6.08,0.5556161308288574,6.080000125,2.524808120727539
6.1000000000000005,0.5556161308288574,6.100000125,2.524808120727539
6.12,0.5456777763366699,6.120000125,2.5297769927978515
6.140000000000001,0.5506469535827637,6.140000125,2.5397147369384765
6.16,0.5506469535827637,6.160000125,2.5297769927978515
6.18,0.5556161308288574,6.180000124999999,2.534745864868164
6.2,0.5556161308288574,6.200000125,2.524808120727539
6.22,0.5407085990905762,6.220000124999999,2.534745864868164
6.24,0.5456777763366699,6.240000125,2.5297769927978515
6.26,0.5556161308288574,6.2600001249999995,2.5446836090087888
6.28,0.5506469535827637,6.280000125,2.5496524810791015
6.3,0.5556161308288574,6.3000001249999995,2.5496524810791015
6.32,0.5506469535827637,6.320000125,2.5546213531494137
6.34,0.5456777763366699,6.3400001249999995,2.5446836090087888
6.36,0.5605853080749512,6.360000125,2.5446836090087888
6.38,0.5506469535827637,6.380000125,2.5446836090087888
6.4,0.5456777763366699,6.400000125,2.5446836090087888
6.42,0.5506469535827637,6.420000125,2.5446836090087888
6.44,0.5506469535827637,6.440000125,2.5496524810791015
6.46,0.5456777763366699,6.460000125,2.5546213531494137
6.48,0.5506469535827637,6.480000125,2.5446836090087888
6.5,0.5456777763366699,6.500000125,2.5546213531494137
6.5200000000000005,0.5407085990905762,6.520000125,2.5446836090087888
6.54,0.5407085990905762,6.540000125,2.5546213531494137
6.5600000000000005,0.5506469535827637,6.560000125,2.5496524810791015
6.58,0.5506469535827637,6.580000125,2.5446836090087888
6.6000000000000005,0.5357394218444824,6.600000125,2.5397147369384765
6.62,0.5456777763366699,6.620000125,2.5397147369384765
6.640000000000001,0.5456777763366699,6.640000125,2.534745864868164
6.66,0.5407085990905762,6.660000125,2.5397147369384765
6.68,0.5307702445983887,6.680000124999999,2.5397147369384765
6.7,0.5456777763366699,6.700000125,2.5297769927978515
6.72,0.5307702445983887,6.720000124999999,2.5297769927978515
6.74,0.5407085990905762,6.740000125,2.534745864868164
6.76,0.5456777763366699,6.7600001249999995,2.5297769927978515
6.78,0.5357394218444824,6.780000125,2.5198392486572265
6.8,0.5456777763366699,6.8000001249999995,2.534745864868164
6.82,0.5407085990905762,6.820000125,2.534745864868164
6.84,0.5456777763366699,6.8400001249999995,2.5297769927978515
6.86,0.5307702445983887,6.860000125,2.5297769927978515
6.88,0.5357394218444824,6.880000125,2.534745864868164
6.9,0.5407085990905762,6.900000125,2.5446836090087888
6.92,0.5307702445983887,6.920000125,2.534745864868164
6.94,0.5307702445983887,6.940000125,2.5397147369384765
6.96,0.5407085990905762,6.960000125,2.534745864868164
6.98,0.5357394218444824,6.980000125,2.534745864868164
7.0,0.5307702445983887,7.000000125,2.5297769927978515
7.0200000000000005,0.5506469535827637,7.020000125,2.5446836090087888
7.04,0.5357394218444824,7.040000125,2.534745864868164
7.0600000000000005,0.5357394218444824,7.060000125,2.534745864868164
7.08,0.5357394218444824,7.080000125,2.5397147369384765
7.1000000000000005,0.5357394218444824,7.100000125,2.5446836090087888
7.12,0.5307702445983887,7.120000125,2.5446836090087888
7.140000000000001,0.5307702445983887,7.140000125,2.5446836090087888
7.16,0.5357394218444824,7.160000125,2.5595902252197265
7.18,0.5258010673522949,7.180000124999999,2.5446836090087888
7.2,0.5357394218444824,7.200000125,2.5546213531494137
7.22,0.5258010673522949,7.220000124999999,2.5397147369384765
7.24,0.5357394218444824,7.240000125,2.5397147369384765
7.26,0.5258010673522949,7.2600001249999995,2.5397147369384765
7.28,0.5307702445983887,7.280000125,2.5397147369384765
7.3,0.5307702445983887,7.3000001249999995,2.5446836090087888
7.32,0.5208318901062012,7.320000125,2.5397147369384765
7.34,0.5258010673522949,7.3400001249999995,2.5397147369384765
7.36,0.5258010673522949,7.360000125,2.534745864868164
7.38,0.5357394218444824,7.380000125,2.5595902252197265
7.4,0.5357394218444824,7.400000125,2.5496524810791015
7.42,0.5357394218444824,7.420000125,2.5496524810791015
7.44,0.5307702445983887,7.440000125,2.5446836090087888
7.46,0.5258010673522949,7.460000125,2.5397147369384765
7.48,0.5357394218444824,7.480000125,2.5397147369384765
7.5,0.5307702445983887,7.500000125,2.5397147369384765
7.5200000000000005,0.5307702445983887,7.520000125,2.5397147369384765
7.54,0.5307702445983887,7.540000125,2.5297769927978515
7.5600000000000005,0.5258010673522949,7.560000125,2.524808120727539
7.58,0.5258010673522949,7.580000125,2.524808120727539
7.6000000000000005,0.5307702445983887,7.600000125,2.5297769927978515
7.62,0.5158627128601074,7.620000125,2.5297769927978515
7.640000000000001,0.5258010673522949,7.640000125,2.534745864868164
7.66,0.5208318901062012,7.660000125,2.5297769927978515
7.68,0.5258010673522949,7.680000124999999,2.5397147369384765
7.7,0.5208318901062012,7.700000125,2.5297769927978515
7.72,0.5258010673522949,7.720000124999999,2.5297769927978515
7.74,0.5208318901062012,7.740000125,2.524808120727539
7.76,0.5208318901062012,7.7600001249999995,2.534745864868164
7.78,0.5258010673522949,7.780000125,2.5397147369384765
7.8,0.5158627128601074,7.8000001249999995,2.5397147369384765
7.82,0.5258010673522949,7.820000125,2.534745864868164
7.84,0.5108935356140137,7.8400001249999995,2.524808120727539
7.86,0.5208318901062012,7.860000125,2.5297769927978515
7.88,0.5258010673522949,7.880000125,2.5397147369384765
7.9,0.5158627128601074,7.900000125,2.534745864868164
7.92,0.5208318901062012,7.920000125,2.534745864868164
7.94,0.5208318901062012,7.940000125,2.534745864868164
7.96,0.5208318901062012,7.960000125,2.5397147369384765
7.98,0.5059243583679199,7.980000125,2.5446836090087888
8.0,0.5158627128601074,8.000000125,2.5446836090087888
8.02,0.5108935356140137,8.020000125,2.5397147369384765
8.040000000000001,0.5059243583679199,8.040000125,2.5446836090087888
8.06,0.5108935356140137,8.060000125,2.5496524810791015
8.08,0.5208318901062012,8.080000125,2.5446836090087888
8.1,0.5108935356140137,8.100000125,2.5496524810791015
8.120000000000001,0.5158627128601074,8.120000125,2.534745864868164
8.14,0.5009551811218262,8.140000125,2.5397147369384765
8.16,0.5059243583679199,8.160000125,2.5397147369384765
8.18,0.5208318901062012,8.180000125,2.5446836090087888
8.2,0.5108935356140137,8.200000124999999,2.5397147369384765
8.22,0.5108935356140137,8.220000125,2.5546213531494137
8.24,0.5059243583679199,8.240000125,2.5496524810791015
8.26,0.5059243583679199,8.260000125,2.5446836090087888
8.28,0.5108935356140137,8.280000124999999,2.5397147369384765
8.3,0.5108935356140137,8.300000125,2.534745864868164
8.32,0.49598600387573244,8.320000125,2.5297769927978515
8.34,0.5158627128601074,8.340000125,2.5397147369384765
8.36,0.5158627128601074,8.360000125,2.534745864868164
8.38,0.5108935356140137,8.380000125,2.5297769927978515
8.4,0.5059243583679199,8.400000125,2.524808120727539
8.42,0.5108935356140137,8.420000125,2.5397147369384765
8.44,0.5108935356140137,8.440000125,2.5397147369384765
8.46,0.5108935356140137,8.460000125,2.5198392486572265
8.48,0.5009551811218262,8.480000125,2.524808120727539
8.5,0.5009551811218262,8.500000125,2.5297769927978515
8.52,0.5059243583679199,8.520000125,2.5297769927978515
8.540000000000001,0.49598600387573244,8.540000125,2.5297769927978515
8.56,0.5158627128601074,8.560000125,2.5446836090087888
8.58,0.5059243583679199,8.580000125,2.524808120727539
8.6,0.5059243583679199,8.600000125,2.5397147369384765
8.620000000000001,0.5009551811218262,8.620000125,2.5297769927978515
8.64,0.5108935356140137,8.640000125,2.5397147369384765
8.66,0.48604764938354494,8.660000125,2.5198392486572265
8.68,0.5059243583679199,8.680000125,2.534745864868164
8.700000000000001,0.5009551811218262,8.700000125,2.5297769927978515
8.72,0.5009551811218262,8.720000125,2.534745864868164
8.74,0.5108935356140137,8.740000125,2.5297769927978515
8.76,0.5108935356140137,8.760000125,2.534745864868164
8.78,0.5108935356140137,8.780000124999999,2.5397147369384765
8.8,0.49598600387573244,8.800000125,2.5446836090087888
8.82,0.4910168266296387,8.820000125,2.5546213531494137
8.84,0.5059243583679199,8.840000125,2.5794657135009764
8.86,0.5059243583679199,8.860000125,2.5894034576416014
8.88,0.5158627128601074,8.880000125,2.5993412017822264
8.9,0.5009551811218262,8.900000125,2.584434585571289
8.92,0.49598600387573244,8.920000125,2.5894034576416014
8.94,0.5108935356140137,8.940000125,2.5794657135009764
8.96,0.5158627128601074,8.960000125,2.574496841430664
8.98,0.5059243583679199,8.980000125,2.564559097290039
9.0,0.5059243583679199,9.000000125,2.5546213531494137
9.02,0.5108935356140137,9.020000125,2.5546213531494137
9.040000000000001,0.5158627128601074,9.040000125,2.5546213531494137
9.06,0.5059243583679199,9.060000125,2.5595902252197265
9.08,0.49598600387573244,9.080000125,2.5546213531494137
9.1,0.5009551811218262,9.100000125,2.5595902252197265
9.120000000000001,0.5009551811218262,9.120000125,2.5595902252197265
9.14,0.5108935356140137,9.140000125,2.5695279693603514
9.16,0.5009551811218262,9.160000125,2.5546213531494137
9.18,0.5108935356140137,9.180000125,2.5546213531494137
9.200000000000001,0.49598600387573244,9.200000125,2.5446836090087888
9.22,0.5158627128601074,9.220000125,2.5446836090087888
9.24,0.5009551811218262,9.240000125,2.5446836090087888
9.26,0.5009551811218262,9.260000125,2.5297769927978515
9.28,0.5009551811218262,9.280000124999999,2.5297769927978515
9.3,0.5009551811218262,9.300000125,2.514870376586914
9.32,0.5009551811218262,9.320000125,2.5198392486572265
9.34,0.5059243583679199,9.340000125,2.5198392486572265
9.36,0.5009551811218262,9.360000125,2.524808120727539
9.38,0.5108935356140137,9.380000125,2.5297769927978515
9.4,0.48604764938354494,9.400000125,2.514870376586914
9.42,0.5009551811218262,9.420000125,2.534745864868164
9.44,0.49598600387573244,9.440000125,2.534745864868164
9.46,0.5108935356140137,9.460000125,2.534745864868164
9.48,0.5009551811218262,9.480000125,2.5297769927978515
9.5,0.5059243583679199,9.500000125,2.5397147369384765
9.52,0.5009551811218262,9.520000125,2.5446836090087888
9.540000000000001,0.5009551811218262,9.540000125,2.5297769927978515
9.56,0.48604764938354494,9.560000125,2.5198392486572265
9.58,0.5108935356140137,9.580000125,2.5198392486572265
9.6,0.4910168266296387,9.600000125,2.514870376586914
9.620000000000001,0.5009551811218262,9.620000125,2.5297769927978515
9.64,0.5009551811218262,9.640000125,2.534745864868164
9.66,0.49598600387573244,9.660000125,2.534745864868164
9.68,0.49598600387573244,9.680000125,2.5446836090087888
9.700000000000001,0.5009551811218262,9.700000125,2.5446836090087888
9.72,0.4910168266296387,9.720000125,2.5546213531494137
9.74,0.49598600387573244,9.740000125,2.5595902252197265
9.76,0.5009551811218262,9.760000125,2.5595902252197265
9.78,0.5009551811218262,9.780000124999999,2.564559097290039
9.8,0.49598600387573244,9.800000125,2.5546213531494137
9.82,0.49598600387573244,9.820000125,2.5546213531494137
9.84,0.49598600387573244,9.840000125,2.5496524810791015
9.86,0.4910168266296387,9.860000125,2.5496524810791015
9.88,0.4910168266296387,9.880000125,2.5446836090087888
9.9,0.49598600387573244,9.900000125,2.534745864868164
9.92,0.4910168266296387,9.920000125,2.5397147369384765
9.94,0.5009551811218262,9.940000125,2.5397147369384765
9.96,0.49598600387573244,9.960000125,2.5397147369384765
9.98,0.4910168266296387,9.980000125,2.5297769927978515
10.0,0.4910168266296387,10.000000125,2.524808120727539
10.02,0.48604764938354494,10.020000125,2.5198392486572265
10.040000000000001,0.4910168266296387,10.040000125,2.5099015045166015
10.06,0.49598600387573244,10.060000125,2.5099015045166015
10.08,0.4910168266296387,10.080000125,2.5099015045166015
10.1,0.4810784721374512,10.100000125,2.5099015045166015
10.120000000000001,0.48604764938354494,10.120000125,2.514870376586914
10.14,0.48604764938354494,10.140000125,2.5099015045166015
10.16,0.4810784721374512,10.160000125,2.514870376586914
10.18,0.4810784721374512,10.180000125,2.524808120727539
10.200000000000001,0.4910168266296387,10.200000125,2.5297769927978515
10.22,0.4810784721374512,10.220000125,2.5198392486572265
10.24,0.48604764938354494,10.240000125,2.5198392486572265
10.26,0.49598600387573244,10.260000125,2.524808120727539
10.28,0.4910168266296387,10.280000124999999,2.534745864868164
10.3,0.4910168266296387,10.300000125,2.524808120727539
10.32,0.47610929489135745,10.320000125,2.514870376586914
10.34,0.47610929489135745,10.340000125,2.5297769927978515
10.36,0.4910168266296387,10.360000125,2.5297769927978515
10.38,0.48604764938354494,10.380000125,2.534745864868164
10.4,0.47610929489135745,10.400000125,2.5297769927978515
10.42,0.47610929489135745,10.420000125,2.534745864868164
10.44,0.48604764938354494,10.440000125,2.5397147369384765
10.46,0.47610929489135745,10.460000125,2.5446836090087888
10.48,0.4810784721374512,10.480000125,2.5397147369384765
10.5,0.4810784721374512,10.500000125,2.5446836090087888
10.52,0.47610929489135745,10.520000125,2.5397147369384765
10.540000000000001,0.47610929489135745,10.540000125,2.5297769927978515
10.56,0.47610929489135745,10.560000125,2.534745864868164
10.58,0.47610929489135745,10.580000125,2.5297769927978515
10.6,0.47610929489135745,10.600000125,2.524808120727539
10.620000000000001,0.48604764938354494,10.620000125,2.534745864868164
10.64,0.4810784721374512,10.640000125,2.5496524810791015
10.66,0.4711401176452637,10.660000125,2.5397147369384765
10.68,0.4711401176452637,10.680000125,2.5446836090087888
10.700000000000001,0.47610929489135745,10.700000125,2.5446836090087888
10.72,0.46617094039916995,10.720000125,2.5397147369384765
10.74,0.49598600387573244,10.740000125,2.5446836090087888
10.76,0.47610929489135745,10.760000125,2.534745864868164
10.78,0.47610929489135745,10.780000124999999,2.5297769927978515
10.8,0.4711401176452637,10.800000125,2.5198392486572265
10.82,0.47610929489135745,10.820000125,2.504932632446289
10.84,0.47610929489135745,10.840000125,2.5099015045166015
10.86,0.48604764938354494,10.860000125,2.5099015045166015
10.88,0.4711401176452637,10.880000125,2.514870376586914
10.9,0.46617094039916995,10.900000125,2.514870376586914
10.92,0.4711401176452637,10.920000125,2.524808120727539
10.94,0.4711401176452637,10.940000125,2.5297769927978515
10.96,0.47610929489135745,10.960000125,2.534745864868164
10.98,0.4711401176452637,10.980000125,2.534745864868164
11.0,0.4711401176452637,11.000000125,2.534745864868164
11.02,0.4711401176452637,11.020000125,2.534745864868164
11.040000000000001,0.4711401176452637,11.040000125,2.5297769927978515
11.06,0.4810784721374512,11.060000125,2.534745864868164
11.08,0.4612017631530762,11.080000125,2.524808120727539
11.1,0.46617094039916995,11.100000125,2.5297769927978515
11.120000000000001,0.47610929489135745,11.120000125,2.5297769927978515
11.14,0.4711401176452637,11.140000125,2.5397147369384765
11.16,0.4612017631530762,11.160000125,2.534745864868164
11.18,0.46617094039916995,11.180000125,2.5446836090087888
11.200000000000001,0.46617094039916995,11.200000125,2.5546213531494137
11.22,0.4711401176452637,11.220000125,2.564559097290039
11.24,0.4711401176452637,11.240000125,2.5595902252197265
11.26,0.46617094039916995,11.260000125,2.564559097290039
11.28,0.4612017631530762,11.280000124999999,2.5695279693603514
11.3,0.47610929489135745,11.300000125,2.5794657135009764
11.32,0.4711401176452637,11.320000125,2.5695279693603514
11.34,0.46617094039916995,11.340000125,2.574496841430664
11.36,0.47610929489135745,11.360000125,2.5695279693603514
11.38,0.4612017631530762,11.380000125,2.5595902252197265
11.4,0.4711401176452637,11.400000125,2.564559097290039
11.42,0.47610929489135745,11.420000125,2.5546213531494137
11.44,0.4612017631530762,11.440000125,2.5446836090087888
11.46,0.46617094039916995,11.460000125,2.5546213531494137
11.48,0.46617094039916995,11.480000125,2.5496524810791015
11.5,0.45623258590698246,11.500000125,2.5496524810791015
11.52,0.4612017631530762,11.520000125,2.5397147369384765
11.540000000000001,0.4612017631530762,11.540000125,2.5446836090087888
11.56,0.46617094039916995,11.560000125,2.5397147369384765
11.58,0.4711401176452637,11.580000125,2.5297769927978515
11.6,0.46617094039916995,11.600000125,2.5297769927978515
11.620000000000001,0.45623258590698246,11.620000125,2.5297769927978515
11.64,0.4612017631530762,11.640000125,2.514870376586914
11.66,0.46617094039916995,11.660000125,2.5198392486572265
11.68,0.46617094039916995,11.680000125,2.5198392486572265
11.700000000000001,0.45623258590698246,11.700000125,2.524808120727539
11.72,0.45623258590698246,11.720000125,2.5198392486572265
11.74,0.46617094039916995,11.740000125,2.5198392486572265
11.76,0.44629423141479496,11.760000125,2.5099015045166015
11.78,0.46617094039916995,11.780000124999999,2.514870376586914
11.8,0.4612017631530762,11.800000125,2.504932632446289
11.82,0.4612017631530762,11.820000125,2.514870376586914
11.84,0.4512634086608887,11.840000125,2.514870376586914
11.86,0.4612017631530762,11.860000125,2.5297769927978515
11.88,0.4512634086608887,11.880000125,2.5297769927978515
11.9,0.4512634086608887,11.900000125,2.5198392486572265
11.92,0.4711401176452637,11.920000125,2.5397147369384765
11.94,0.45623258590698246,11.940000125,2.5297769927978515
11.96,0.4512634086608887,11.960000125,2.5446836090087888
11.98,0.45623258590698246,11.980000125,2.5446836090087888
12.0,0.45623258590698246,12.000000125,2.5546213531494137
12.02,0.45623258590698246,12.020000125,2.5546213531494137
12.040000000000001,0.4612017631530762,12.040000125,2.564559097290039
12.06,0.4512634086608887,12.060000125,2.5546213531494137
12.08,0.44629423141479496,12.080000125,2.5496524810791015
12.1,0.45623258590698246,12.100000125,2.5546213531494137
12.120000000000001,0.4612017631530762,12.120000125,2.5496524810791015
12.14,0.4512634086608887,12.140000125,2.5446836090087888
12.16,0.4512634086608887,12.160000125,2.5446836090087888
12.18,0.45623258590698246,12.180000125,2.5546213531494137
12.200000000000001,0.45623258590698246,12.200000125,2.5496524810791015
12.22,0.4512634086608887,12.220000125,2.5546213531494137
12.24,0.45623258590698246,12.240000125,2.5496524810791015
12.26,0.4413250541687012,12.260000125,2.5297769927978515
12.280000000000001,0.4512634086608887,12.280000125,2.5446836090087888
12.3,0.45623258590698246,12.300000125,2.5397147369384765
12.32,0.4512634086608887,12.320000125,2.5446836090087888
12.34,0.4512634086608887,12.340000125,2.5446836090087888
12.36,0.4512634086608887,12.360000125,2.5446836090087888
12.38,0.4512634086608887,12.380000125,2.5446836090087888
12.4,0.44629423141479496,12.400000125,2.5446836090087888
12.42,0.4512634086608887,12.420000125,2.5496524810791015
12.44,0.45623258590698246,12.440000125,2.5446836090087888
12.46,0.4512634086608887,12.460000125,2.5397147369384765
12.48,0.4512634086608887,12.480000125,2.5397147369384765
12.5,0.44629423141479496,12.500000125,2.5397147369384765
12.52,0.44629423141479496,12.520000125,2.534745864868164
12.540000000000001,0.4413250541687012,12.540000125,2.5397147369384765
12.56,0.4512634086608887,12.560000125,2.5397147369384765
12.58,0.4413250541687012,12.580000125,2.5397147369384765
12.6,0.44629423141479496,12.600000125,2.5297769927978515
12.620000000000001,0.44629423141479496,12.620000125,2.534745864868164
12.64,0.4413250541687012,12.640000125,2.5297769927978515
12.66,0.4413250541687012,12.660000125,2.5397147369384765
12.68,0.4413250541687012,12.680000125,2.534745864868164
12.700000000000001,0.43635587692260747,12.700000125,2.5397147369384765
12.72,0.4413250541687012,12.720000125,2.5397147369384765
12.74,0.44629423141479496,12.740000125,2.534745864868164
12.76,0.43635587692260747,12.760000125,2.5397147369384765
12.780000000000001,0.4512634086608887,12.780000125,2.534745864868164
12.8,0.4313866996765137,12.800000125,2.5297769927978515
12.82,0.43635587692260747,12.820000125,2.5297769927978515
12.84,0.4413250541687012,12.840000125,2.5546213531494137
12.86,0.4512634086608887,12.860000125,2.5496524810791015
12.88,0.4413250541687012,12.880000125,2.5496524810791015
12.9,0.4413250541687012,12.900000125,2.5546213531494137
12.92,0.44629423141479496,12.920000125,2.5496524810791015
12.94,0.4512634086608887,12.940000125,2.5595902252197265
12.96,0.43635587692260747,12.960000125,2.5446836090087888
12.98,0.43635587692260747,12.980000125,2.5496524810791015
13.0,0.4413250541687012,13.000000125,2.5496524810791015
13.02,0.45623258590698246,13.020000125,2.5496524810791015
13.040000000000001,0.43635587692260747,13.040000125,2.5546213531494137
13.06,0.4413250541687012,13.060000125,2.5446836090087888
13.08,0.44629423141479496,13.080000125,2.5546213531494137
13.1,0.4413250541687012,13.100000125,2.5496524810791015
13.120000000000001,0.43635587692260747,13.120000125,2.5446836090087888
13.14,0.4413250541687012,13.140000125,2.5496524810791015
13.16,0.4413250541687012,13.160000125,2.5446836090087888
13.18,0.4512634086608887,13.180000125,2.5446836090087888
13.200000000000001,0.44629423141479496,13.200000125,2.5496524810791015
13.22,0.43635587692260747,13.220000125,2.5397147369384765
13.24,0.4313866996765137,13.240000125,2.5397147369384765
13.26,0.4313866996765137,13.260000125,2.5397147369384765
13.280000000000001,0.4413250541687012,13.280000125,2.534745864868164
13.3,0.4413250541687012,13.300000125,2.534745864868164
13.32,0.4413250541687012,13.320000125,2.534745864868164
13.34,0.44629423141479496,13.340000125,2.534745864868164
13.36,0.4413250541687012,13.360000125,2.5397147369384765
13.38,0.4413250541687012,13.380000125,2.5297769927978515
13.4,0.43635587692260747,13.400000125,2.5297769927978515
13.42,0.4313866996765137,13.420000125,2.5397147369384765
13.44,0.4413250541687012,13.440000125,2.5446836090087888
13.46,0.44629423141479496,13.460000125,2.5446836090087888
13.48,0.43635587692260747,13.480000125,2.534745864868164
13.5,0.4313866996765137,13.500000125,2.5446836090087888
13.52,0.4313866996765137,13.520000125,2.534745864868164
13.540000000000001,0.4313866996765137,13.540000125,2.534745864868164
13.56,0.4413250541687012,13.560000125,2.5397147369384765
13.58,0.4413250541687012,13.580000125,2.5397147369384765
13.6,0.43635587692260747,13.600000125,2.5297769927978515
13.620000000000001,0.42641752243041997,13.620000125,2.524808120727539
13.64,0.42641752243041997,13.640000125,2.5397147369384765
13.66,0.42641752243041997,13.660000125,2.5397147369384765
13.68,0.4413250541687012,13.680000125,2.534745864868164
13.700000000000001,0.4313866996765137,13.700000125,2.5446836090087888
13.72,0.4313866996765137,13.720000125,2.5496524810791015
13.74,0.42641752243041997,13.740000125,2.5446836090087888
13.76,0.42641752243041997,13.760000125,2.5397147369384765
13.780000000000001,0.4313866996765137,13.780000125,2.534745864868164
13.8,0.4313866996765137,13.800000125,2.5397147369384765
13.82,0.43635587692260747,13.820000125,2.5297769927978515
13.84,0.4313866996765137,13.840000125,2.5297769927978515
13.86,0.4313866996765137,13.860000125,2.534745864868164
13.88,0.43635587692260747,13.880000125,2.534745864868164
13.9,0.43635587692260747,13.900000125,2.5446836090087888
13.92,0.42641752243041997,13.920000125,2.5397147369384765
13.94,0.42641752243041997,13.940000125,2.5397147369384765
13.96,0.43635587692260747,13.960000125,2.5397147369384765
13.98,0.4413250541687012,13.980000125,2.5496524810791015
14.0,0.4413250541687012,14.000000125,2.534745864868164
14.02,0.4313866996765137,14.020000125,2.5446836090087888
14.040000000000001,0.4214483451843262,14.040000125,2.534745864868164
14.06,0.4313866996765137,14.060000125,2.534745864868164
14.08,0.42641752243041997,14.080000125,2.534745864868164
14.1,0.42641752243041997,14.100000125,2.5397147369384765
14.120000000000001,0.43635587692260747,14.120000125,2.5496524810791015
14.14,0.4313866996765137,14.140000125,2.5496524810791015
14.16,0.4164791679382325,14.160000125,2.5496524810791015
14.18,0.42641752243041997,14.180000125,2.5446836090087888
14.200000000000001,0.4313866996765137,14.200000125,2.5496524810791015
14.22,0.42641752243041997,14.220000125,2.5446836090087888
14.24,0.42641752243041997,14.240000125,2.5397147369384765
14.26,0.42641752243041997,14.260000125,2.5397147369384765
14.280000000000001,0.42641752243041997,14.280000125,2.5397147369384765
14.3,0.4313866996765137,14.300000125,2.5397147369384765
14.32,0.4313866996765137,14.320000125,2.5446836090087888
14.34,0.4214483451843262,14.340000125,2.534745864868164
14.36,0.4164791679382325,14.360000125,2.5198392486572265
14.38,0.4313866996765137,14.380000125,2.5446836090087888
14.4,0.42641752243041997,14.400000125,2.5297769927978515
14.42,0.4313866996765137,14.420000125,2.524808120727539
14.44,0.4214483451843262,14.440000125,2.5297769927978515
14.46,0.4115099906921387,14.460000125,2.534745864868164
14.48,0.42641752243041997,14.480000125,2.5297769927978515
14.5,0.42641752243041997,14.500000125,2.534745864868164
14.52,0.42641752243041997,14.520000125,2.5446836090087888
14.540000000000001,0.42641752243041997,14.540000125,2.5446836090087888
14.56,0.4313866996765137,14.560000125,2.5496524810791015
14.58,0.42641752243041997,14.580000125,2.5496524810791015
14.6,0.42641752243041997,14.600000125,2.5496524810791015
14.620000000000001,0.43635587692260747,14.620000125,2.5546213531494137
14.64,0.4214483451843262,14.640000125,2.534745864868164
14.66,0.4313866996765137,14.660000125,2.5446836090087888
14.68,0.4115099906921387,14.680000125,2.534745864868164
14.700000000000001,0.4214483451843262,14.700000125,2.5446836090087888
14.72,0.4313866996765137,14.720000125,2.5496524810791015
14.74,0.4214483451843262,14.740000125,2.5446836090087888
14.76,0.4115099906921387,14.760000125,2.534745864868164
14.780000000000001,0.4313866996765137,14.780000125,2.5446836090087888
14.8,0.4164791679382325,14.800000125,2.5397147369384765
14.82,0.4164791679382325,14.820000125,2.5496524810791015
14.84,0.42641752243041997,14.840000125,2.5496524810791015
14.86,0.4313866996765137,14.860000125,2.5397147369384765
14.88,0.4164791679382325,14.880000125,2.534745864868164
14.9,0.4214483451843262,14.900000125,2.5397147369384765
14.92,0.4115099906921387,14.920000125,2.5446836090087888
14.94,0.4164791679382325,14.940000125,2.5446836090087888
14.96,0.4214483451843262,14.960000125,2.5496524810791015
14.98,0.4313866996765137,14.980000125,2.5446836090087888
