t1,ch1,t2,ch2
-37.497,1.0078112602233888,-37.496999875,2.3707730865478513
-37.447004,1.0078112602233888,-37.447003875,2.4005863189697263
-37.397008,1.0127804374694824,-37.397007875,2.4105240631103513
-37.347012,1.0078112602233888,-37.347011875,2.415492935180664
-37.297016,1.0078112602233888,-37.297015875,2.405555191040039
-37.24702,1.002842082977295,-37.247019875,2.3906485748291013
-37.197024,0.9978729057312012,-37.197023875,2.405555191040039
-37.147028,0.9978729057312012,-37.147027875,2.4303995513916012
-37.097032,0.9929037284851076,-37.097031875,2.465181655883789
-37.047036,0.9879345512390137,-37.047035875,2.4999637603759766
-36.99704,0.9978729057312012,-36.997039875,2.514870376586914
-36.947044,0.9929037284851076,-36.947043875,2.5099015045166015
-36.897048,0.9978729057312012,-36.897047875,2.5099015045166015
-36.847052,0.9978729057312012,-36.847051875,2.5099015045166015
-36.797056,0.9978729057312012,-36.797055875,2.5099015045166015
-36.74706,1.002842082977295,-36.747059875,2.514870376586914
-36.697064,0.9879345512390137,-36.697063875,2.514870376586914
-36.647068,0.9929037284851076,-36.647067875,2.524808120727539
-36.597072,0.9929037284851076,-36.597071875,2.5546213531494137
-36.547076,0.9929037284851076,-36.547075875,2.5496524810791015
-36.49708,0.9978729057312012,-36.497079875,2.5595902252197265
-36.447084,0.9929037284851076,-36.447083875,2.5546213531494137
-36.397088,1.002842082977295,-36.397087875,2.5546213531494137
-36.347091999999996,0.9978729057312012,-36.347091875,2.5496524810791015
-36.297095999999996,0.9978729057312012,-36.297095875,2.5297769927978515
-36.247099999999996,0.9929037284851076,-36.247099874999996,2.504932632446289
-36.197103999999996,0.9978729057312012,-36.197103874999996,2.5099015045166015
-36.147107999999996,1.0078112602233888,-36.147107874999996,2.514870376586914
-36.097111999999996,0.9978729057312012,-36.097111874999996,2.4999637603759766
-36.047116,1.002842082977295,-36.047115875,2.514870376586914
-35.99712,0.9929037284851076,-35.997119875,2.4999637603759766
-35.947124,0.9879345512390137,-35.947123875,2.5099015045166015
-35.897128,1.002842082977295,-35.897127875,2.524808120727539
-35.847132,0.9929037284851076,-35.847131875,2.524808120727539
-35.797136,0.9978729057312012,-35.797135875,2.5496524810791015
-35.74714,0.9929037284851076,-35.747139875,2.574496841430664
-35.697144,1.002842082977295,-35.697143875,2.564559097290039
-35.647148,0.9929037284851076,-35.647147875,2.5695279693603514
-35.597152,0.9978729057312012,-35.597151875,2.5595902252197265
-35.547156,0.9929037284851076,-35.547155875,2.5446836090087888
-35.49716,1.002842082977295,-35.497159875,2.5446836090087888
-35.447164,0.9978729057312012,-35.447163875,2.524808120727539
-35.397168,0.9978729057312012,-35.397167875,2.5198392486572265
-35.347172,0.9978729057312012,-35.347171875,2.514870376586914
-35.297176,1.002842082977295,-35.297175875,2.524808120727539
-35.24718,0.9929037284851076,-35.247179875,2.5099015045166015
-35.197184,0.9929037284851076,-35.197183875,2.514870376586914
-35.147188,0.9929037284851076,-35.147187875,2.524808120727539
-35.097192,0.9879345512390137,-35.097191875,2.494994888305664
-35.047196,0.9879345512390137,-35.047195875,2.5099015045166015
-34.9972,0.9829653739929199,-34.997199875,2.5198392486572265
-34.947204,0.9879345512390137,-34.947203875,2.534745864868164
-34.897208,0.9879345512390137,-34.897207875,2.5695279693603514
-34.847212,0.9879345512390137,-34.847211875,2.564559097290039
-34.797216,0.9929037284851076,-34.797215875,2.5695279693603514
-34.74722,0.9929037284851076,-34.747219875,2.5546213531494137
-34.697224,0.9978729057312012,-34.697223875,2.5397147369384765
-34.647228,0.9929037284851076,-34.647227875,2.534745864868164
-34.597232,0.9929037284851076,-34.597231875,2.524808120727539
-34.547236,0.9879345512390137,-34.547235875,2.5198392486572265
-34.49724,0.9879345512390137,-34.497239875,2.5099015045166015
-34.447244,0.9829653739929199,-34.447243875,2.504932632446289
-34.397248,0.9929037284851076,-34.397247875,2.514870376586914
-34.347252,0.9779961967468263,-34.347251875,2.514870376586914
-34.297256,0.9779961967468263,-34.297255875,2.5198392486572265
-34.24726,0.9779961967468263,-34.247259875,2.524808120727539
-34.197264,0.9779961967468263,-34.197263875,2.5099015045166015
-34.147268,0.9829653739929199,-34.147267875,2.534745864868164
-34.097272,0.9779961967468263,-34.097271875,2.584434585571289
-34.047276,0.9829653739929199,-34.047275875,2.5794657135009764
-33.997279999999996,0.9929037284851076,-33.997279875,2.574496841430664
-33.947283999999996,0.9829653739929199,-33.947283875,2.5695279693603514
-33.897287999999996,0.9829653739929199,-33.897287874999996,2.5397147369384765
-33.847291999999996,0.9879345512390137,-33.847291874999996,2.534745864868164
-33.797295999999996,0.9879345512390137,-33.797295874999996,2.534745864868164
-33.747299999999996,0.9829653739929199,-33.747299874999996,2.5297769927978515
-33.697304,0.9829653739929199,-33.697303875,2.514870376586914
-33.647308,0.9779961967468263,-33.647307875,2.514870376586914
-33.597312,0.9879345512390137,-33.597311875,2.5397147369384765
-33.547316,0.9779961967468263,-33.547315875,2.5397147369384765
-33.49732,0.9829653739929199,-33.497319875,2.534745864868164
-33.447324,0.9779961967468263,-33.447323875,2.5496524810791015
-33.397328,0.9829653739929199,-33.397327875,2.574496841430664
-33.347332,0.9829653739929199,-33.347331875,2.5794657135009764
-33.297336,0.9879345512390137,-33.297335875,2.594372329711914
-33.24734,0.9929037284851076,-33.247339875,2.6291544342041013
-33.197344,0.9978729057312012,-33.197343875,2.7086563873291016
-33.147348,0.9879345512390137,-33.147347875,2.6589676666259763
-33.097352,0.9929037284851076,-33.097351875,2.574496841430664
-33.047356,0.9929037284851076,-33.047355875,2.485057144165039
-32.99736,0.9929037284851076,-32.997359875,2.4502750396728517
-32.947364,0.9879345512390137,-32.947363875,2.4602127838134766
-32.897368,0.9929037284851076,-32.897367875,2.455243911743164
-32.847372,0.9879345512390137,-32.847371875,2.4701505279541016
-32.797376,0.9929037284851076,-32.797375875,2.475119400024414
-32.74738,0.9929037284851076,-32.747379875,2.494994888305664
-32.697384,0.9879345512390137,-32.697383875,2.4999637603759766
-32.647388,0.9730270195007324,-32.647387875,2.504932632446289
-32.597392,0.9929037284851076,-32.597391875,2.5446836090087888
-32.547396,0.9879345512390137,-32.547395875,2.5397147369384765
-32.4974,0.9929037284851076,-32.497399875,2.5546213531494137
-32.447404,0.9929037284851076,-32.447403875,2.5546213531494137
-32.397408,0.9829653739929199,-32.397407875,2.5496524810791015
-32.347412,0.9929037284851076,-32.347411875,2.5397147369384765
-32.297416,0.9879345512390137,-32.297415875,2.514870376586914
-32.24742,0.9879345512390137,-32.247419875,2.5099015045166015
-32.197424,0.9879345512390137,-32.197423875,2.4999637603759766
-32.147428,0.9730270195007324,-32.147427875,2.494994888305664
-32.097432,0.9829653739929199,-32.097431875,2.504932632446289
-32.047436,0.9879345512390137,-32.047435875,2.504932632446289
-31.997439999999997,0.9829653739929199,-31.997439874999998,2.4999637603759766
-31.947444,0.9829653739929199,-31.947443875,2.5099015045166015
-31.897448,0.9829653739929199,-31.897447875,2.5099015045166015
-31.847452,0.9929037284851076,-31.847451875,2.5198392486572265
-31.797456,0.9929037284851076,-31.797455875,2.5397147369384765
-31.74746,0.9779961967468263,-31.747459875,2.5446836090087888
-31.697464,0.9779961967468263,-31.697463875,2.5496524810791015
-31.647468,0.9779961967468263,-31.647467875,2.5446836090087888
-31.597472,0.9779961967468263,-31.597471875,2.5297769927978515
-31.547476,0.9779961967468263,-31.547475875,2.5099015045166015
-31.49748,0.9879345512390137,-31.497479875,2.4900260162353516
-31.447484,0.9730270195007324,-31.447483875,2.4800882720947266
-31.397488,0.9581194877624513,-31.397487875,2.4701505279541016
-31.347492,0.963088665008545,-31.347491875,2.455243911743164
-31.297496,0.963088665008545,-31.297495875,2.4502750396728517
-31.2475,0.9581194877624513,-31.247499875,2.435368423461914
-31.197504,0.963088665008545,-31.197503875,2.4502750396728517
-31.147508,0.9382427787780763,-31.147507875,2.435368423461914
-31.097512,0.9481811332702638,-31.097511875,2.4303995513916012
-31.047515999999998,0.94321195602417,-31.047515875,2.425430679321289
-30.997519999999998,0.94321195602417,-30.997519875,2.4303995513916012
-30.947523999999998,0.9481811332702638,-30.947523874999998,2.445306167602539
-30.897527999999998,0.9382427787780763,-30.897527874999998,2.4701505279541016
-30.847531999999998,0.923335247039795,-30.847531874999998,2.4701505279541016
-30.797536,0.9133968925476075,-30.797535875,2.4701505279541016
-30.74754,0.923335247039795,-30.747539875,2.4701505279541016
-30.697544,0.9084277153015138,-30.697543875,2.4602127838134766
-30.647548,0.9133968925476075,-30.647547875,2.445306167602539
-30.597552,0.8984893608093263,-30.597551875,2.445306167602539
-30.547556,0.90345853805542,-30.547555875,2.4403372955322267
-30.49756,0.8935201835632325,-30.497559875,2.4303995513916012
-30.447564,0.883581829071045,-30.447563875,2.425430679321289
-30.397568,0.8736434745788575,-30.397567875,2.425430679321289
-30.347572,0.8736434745788575,-30.347571875,2.4303995513916012
-30.297576,0.86370512008667,-30.297575875,2.4303995513916012
-30.24758,0.8587359428405762,-30.247579875,2.4403372955322267
-30.197584,0.8587359428405762,-30.197583875,2.435368423461914
-30.147588,0.843828411102295,-30.147587875,2.4403372955322267
-30.097592,0.8487975883483887,-30.097591875,2.4602127838134766
-30.047596,0.8338900566101075,-30.047595875,2.494994888305664
-29.9976,0.8289208793640137,-29.997599875,2.5198392486572265
-29.947604,0.82395170211792,-29.947603875,2.524808120727539
-29.897607999999998,0.8140133476257325,-29.897607875,2.5198392486572265
-29.847611999999998,0.8140133476257325,-29.847611875,2.5099015045166015
-29.797615999999998,0.8090441703796387,-29.797615874999998,2.504932632446289
-29.747619999999998,0.7941366386413575,-29.747619874999998,2.4900260162353516
-29.697623999999998,0.7941366386413575,-29.697623874999998,2.4900260162353516
-29.647628,0.7891674613952637,-29.647627875,2.504932632446289
-29.597632,0.7792291069030762,-29.597631875,2.5099015045166015
-29.547636,0.7792291069030762,-29.547635875,2.5198392486572265
-29.49764,0.7742599296569824,-29.497639875,2.5198392486572265
-29.447644,0.7593523979187012,-29.447643875,2.5297769927978515
-29.397648,0.7543832206726074,-29.397647875,2.5297769927978515
-29.347652,0.7494140434265137,-29.347651875,2.534745864868164
-29.297656,0.7494140434265137,-29.297655875,2.5446836090087888
-29.24766,0.7494140434265137,-29.247659875,2.5595902252197265
-29.197664,0.7394756889343262,-29.197663875,2.574496841430664
-29.147668,0.7345065116882324,-29.147667875,2.574496841430664
-29.097672,0.7295373344421388,-29.097671875,2.5794657135009764
-29.047676,0.7394756889343262,-29.047675875,2.5794657135009764
-28.99768,0.7345065116882324,-28.997679875,2.584434585571289
-28.947684,0.724568157196045,-28.947683875,2.594372329711914
-28.897688,0.7146298027038575,-28.897687875,2.574496841430664
-28.847692,0.70469144821167,-28.847691875,2.564559097290039
-28.797696,0.7195989799499513,-28.797695875,2.5595902252197265
-28.7477,0.6997222709655763,-28.747699875,2.5595902252197265
-28.697703999999998,0.6947530937194825,-28.697703875,2.5595902252197265
-28.647707999999998,0.6947530937194825,-28.647707875,2.5546213531494137
-28.597711999999998,0.6798455619812013,-28.597711874999998,2.5496524810791015
-28.547715999999998,0.684814739227295,-28.547715874999998,2.5595902252197265
-28.49772,0.6798455619812013,-28.497719875,2.5546213531494137
-28.447724,0.6699072074890138,-28.447723875,2.564559097290039
-28.397728,0.6699072074890138,-28.397727875,2.5446836090087888
-28.347732,0.66493803024292,-28.347731875,2.584434585571289
-28.297736,0.6748763847351075,-28.297735875,2.584434585571289
-28.24774,0.6599688529968262,-28.247739875,2.5695279693603514
-28.197744,0.6599688529968262,-28.197743875,2.564559097290039
-28.147748,0.6599688529968262,-28.147747875,2.5546213531494137
-28.097752,0.6500304985046387,-28.097751875,2.5546213531494137
-28.047756,0.6549996757507325,-28.047755875,2.5546213531494137
-27.99776,0.645061321258545,-27.997759875,2.5496524810791015
-27.947764,0.645061321258545,-27.947763875,2.5496524810791015
-27.897768,0.6301537895202637,-27.897767875,2.5397147369384765
-27.847772,0.6301537895202637,-27.847771875,2.5496524810791015
-27.797776,0.6301537895202637,-27.797775875,2.5397147369384765
-27.74778,0.6202154350280762,-27.747779875,2.5446836090087888
-27.697784,0.6152462577819825,-27.697783875,2.5496524810791015
-27.647788,0.6152462577819825,-27.647787875,2.5496524810791015
-27.597792,0.6152462577819825,-27.597791875,2.5695279693603514
-27.547795999999998,0.6102770805358887,-27.547795875,2.5695279693603514
-27.497799999999998,0.6102770805358887,-27.497799875,2.5595902252197265
-27.447803999999998,0.605307903289795,-27.447803874999998,2.5595902252197265
-27.397807999999998,0.6003387260437012,-27.397807874999998,2.5496524810791015
-27.347811999999998,0.605307903289795,-27.347811874999998,2.5595902252197265
-27.297816,0.6003387260437012,-27.297815875,2.5397147369384765
-27.24782,0.5953695487976075,-27.247819875,2.5496524810791015
-27.197824,0.5904003715515137,-27.197823875,2.5446836090087888
-27.147828,0.58543119430542,-27.147827875,2.5496524810791015
-27.097832,0.58543119430542,-27.097831875,2.5198392486572265
-27.047836,0.5804620170593262,-27.047835875,2.5546213531494137
-26.99784,0.5804620170593262,-26.997839875,2.5446836090087888
-26.947844,0.5705236625671387,-26.947843875,2.5397147369384765
-26.897848,0.5705236625671387,-26.897847875,2.5397147369384765
-26.847852,0.565554485321045,-26.847851875,2.534745864868164
-26.797856,0.5705236625671387,-26.797855875,2.5446836090087888
-26.74786,0.5605853080749512,-26.747859875,2.5496524810791015
-26.697864,0.5556161308288574,-26.697863875,2.5496524810791015
-26.647868,0.5506469535827637,-26.647867875,2.5496524810791015
-26.597872,0.5605853080749512,-26.597871875,2.5595902252197265
-26.547876,0.5456777763366699,-26.547875875,2.5496524810791015
-26.49788,0.5456777763366699,-26.497879875,2.5546213531494137
-26.447884,0.5506469535827637,-26.447883875,2.5496524810791015
-26.397888,0.5357394218444824,-26.397887875,2.5446836090087888
-26.347891999999998,0.5407085990905762,-26.347891875,2.5446836090087888
-26.297895999999998,0.5307702445983887,-26.297895875,2.5446836090087888
-26.247899999999998,0.5307702445983887,-26.247899874999998,2.534745864868164
-26.197903999999998,0.5258010673522949,-26.197903874999998,2.5446836090087888
-26.147908,0.5258010673522949,-26.147907875,2.5099015045166015
-26.097912,0.5258010673522949,-26.097911875,2.5397147369384765
-26.047916,0.5208318901062012,-26.047915875,2.5496524810791015
-25.99792,0.5258010673522949,-25.997919875,2.5397147369384765
-25.947924,0.5108935356140137,-25.947923875,2.5496524810791015
-25.897928,0.5108935356140137,-25.897927875,2.5496524810791015
-25.847932,0.5108935356140137,-25.847931875,2.5546213531494137
-25.797936,0.5108935356140137,-25.797935875,2.5546213531494137
-25.74794,0.5108935356140137,-25.747939875,2.5595902252197265
-25.697944,0.4910168266296387,-25.697943875,2.5546213531494137
-25.647948,0.5059243583679199,-25.647947875,2.5546213531494137
-25.597952,0.4910168266296387,-25.597951875,2.5496524810791015
-25.547956,0.5009551811218262,-25.547955875,2.5496524810791015
-25.49796,0.4910168266296387,-25.497959875,2.5496524810791015
-25.447964,0.48604764938354494,-25.447963875,2.5496524810791015
-25.397968,0.48604764938354494,-25.397967875,2.5695279693603514
-25.347972,0.48604764938354494,-25.347971875,2.574496841430664
-25.297976,0.4810784721374512,-25.297975875,2.5546213531494137
-25.24798,0.46617094039916995,-25.247979875,2.5297769927978515
-25.197983999999998,0.4711401176452637,-25.197983875,2.4701505279541016
-25.147987999999998,0.4810784721374512,-25.147987875,2.5595902252197265
-25.097991999999998,0.4711401176452637,-25.097991874999998,2.5595902252197265
-25.047995999999998,0.4711401176452637,-25.047995874999998,2.5695279693603514
-24.998,0.4711401176452637,-24.997999875,2.5546213531494137
-24.948004,0.4612017631530762,-24.948003875,2.5496524810791015
-24.898008,0.4711401176452637,-24.898007875,2.564559097290039
-24.848012,0.4512634086608887,-24.848011875,2.5496524810791015
-24.798016,0.4612017631530762,-24.798015875,2.5546213531494137
-24.74802,0.4512634086608887,-24.748019875,2.5595902252197265
-24.698024,0.44629423141479496,-24.698023875,2.5446836090087888
-24.648028,0.44629423141479496,-24.648027875,2.5546213531494137
-24.598032,0.4512634086608887,-24.598031875,2.5546213531494137
-24.548036,0.4512634086608887,-24.548035875,2.5496524810791015
-24.49804,0.4413250541687012,-24.498039875,2.5496524810791015
-24.448044,0.43635587692260747,-24.448043875,2.5496524810791015
-24.398048,0.43635587692260747,-24.398047875,2.5546213531494137
-24.348052,0.43635587692260747,-24.348051875,2.5397147369384765
-24.298056,0.4313866996765137,-24.298055875,2.5496524810791015
-24.24806,0.42641752243041997,-24.248059875,2.5446836090087888
-24.198064,0.4313866996765137,-24.198063875,2.5546213531494137
-24.148068,0.4214483451843262,-24.148067875,2.5546213531494137
-24.098072,0.42641752243041997,-24.098071875,2.564559097290039
-24.048076,0.42641752243041997,-24.048075875,2.5595902252197265
-23.998079999999998,0.42641752243041997,-23.998079875,2.564559097290039
-23.948083999999998,0.42641752243041997,-23.948083875,2.5595902252197265
-23.898087999999998,0.4214483451843262,-23.898087874999998,2.5496524810791015
-23.848092,0.4214483451843262,-23.848091875,2.5446836090087888
-23.798096,0.4164791679382325,-23.798095875,2.5546213531494137
-23.7481,0.4164791679382325,-23.748099875,2.5397147369384765
-23.698104,0.4164791679382325,-23.698103875,2.5496524810791015
-23.648108,0.4115099906921387,-23.648107875,2.5446836090087888
-23.598112,0.4115099906921387,-23.598111875,2.5446836090087888
-23.548116,0.4164791679382325,-23.548115875,2.5446836090087888
-23.49812,0.406540813446045,-23.498119875,2.5595902252197265
-23.448124,0.4115099906921387,-23.448123875,2.5496524810791015
-23.398128,0.4015716361999512,-23.398127875,2.5496524810791015
-23.348132,0.406540813446045,-23.348131875,2.5546213531494137
-23.298136,0.406540813446045,-23.298135875,2.5496524810791015
-23.24814,0.4015716361999512,-23.248139875,2.5595902252197265
-23.198144,0.4015716361999512,-23.198143875,2.564559097290039
-23.148148,0.39660245895385743,-23.148147875,2.5595902252197265
-23.098152,0.39660245895385743,-23.098151875,2.5496524810791015
-23.048156,0.406540813446045,-23.048155875,2.5496524810791015
-22.99816,0.38666410446166993,-22.998159875,2.534745864868164
-22.948164,0.3916332817077637,-22.948163875,2.5198392486572265
-22.898168,0.3916332817077637,-22.898167875,2.5446836090087888
-22.848171999999998,0.4015716361999512,-22.848171875,2.5397147369384765
-22.798175999999998,0.39660245895385743,-22.798175875,2.5297769927978515
-22.748179999999998,0.38666410446166993,-22.748179874999998,2.5397147369384765
-22.698183999999998,0.3816949272155762,-22.698183874999998,2.5496524810791015
-22.648188,0.3916332817077637,-22.648187875,2.5595902252197265
-22.598192,0.3816949272155762,-22.598191875,2.5397147369384765
-22.548196,0.38666410446166993,-22.548195875,2.5446836090087888
-22.4982,0.38666410446166993,-22.498199875,2.5496524810791015
-22.448204,0.38666410446166993,-22.448203875,2.5446836090087888
-22.398208,0.38666410446166993,-22.398207875,2.5397147369384765
-22.348212,0.37672574996948244,-22.348211875,2.534745864868164
-22.298216,0.3816949272155762,-22.298215875,2.534745864868164
-22.24822,0.38666410446166993,-22.248219875,2.534745864868164
-22.198224,0.37672574996948244,-22.198223875,2.5397147369384765
-22.148228,0.3816949272155762,-22.148227875,2.5446836090087888
-22.098232,0.3816949272155762,-22.098231875,2.5397147369384765
-22.048236,0.36678739547729494,-22.048235875,2.5397147369384765
-21.99824,0.3717565727233887,-21.998239875,2.504932632446289
-21.948244,0.3717565727233887,-21.948243875,2.5546213531494137
-21.898248,0.36678739547729494,-21.898247875,2.5546213531494137
-21.848252,0.37672574996948244,-21.848251875,2.5595902252197265
-21.798256,0.36678739547729494,-21.798255875,2.5496524810791015
-21.74826,0.3717565727233887,-21.748259875,2.564559097290039
-21.698263999999998,0.35684904098510745,-21.698263875,2.5496524810791015
-21.648267999999998,0.36678739547729494,-21.648267875,2.5397147369384765
-21.598271999999998,0.36678739547729494,-21.598271875,2.5595902252197265
-21.548275999999998,0.36678739547729494,-21.548275874999998,2.5496524810791015
-21.49828,0.35684904098510745,-21.498279875,2.5446836090087888
-21.448284,0.35684904098510745,-21.448283875,2.5446836090087888
-21.398288,0.36678739547729494,-21.398287875,2.5397147369384765
-21.348292,0.35684904098510745,-21.348291875,2.5446836090087888
-21.298296,0.34691068649291995,-21.298295875,2.5446836090087888
-21.2483,0.36678739547729494,-21.248299875,2.5446836090087888
-21.198304,0.3518798637390137,-21.198303875,2.5446836090087888
-21.148308,0.3518798637390137,-21.148307875,2.5397147369384765
-21.098312,0.36678739547729494,-21.098311875,2.5496524810791015
-21.048316,0.35684904098510745,-21.048315875,2.5496524810791015
-20.99832,0.35684904098510745,-20.998319875,2.5546213531494137
-20.948324,0.3419415092468262,-20.948323875,2.5446836090087888
-20.898328,0.3518798637390137,-20.898327875,2.5446836090087888
-20.848332,0.34691068649291995,-20.848331875,2.5446836090087888
-20.798336,0.35684904098510745,-20.798335875,2.5496524810791015
-20.74834,0.3419415092468262,-20.748339875,2.5397147369384765
-20.698344,0.34691068649291995,-20.698343875,2.534745864868164
-20.648348,0.3419415092468262,-20.648347875,2.5496524810791015
-20.598352,0.32703397750854496,-20.598351875,2.5496524810791015
-20.548356,0.34691068649291995,-20.548355875,2.5446836090087888
-20.498359999999998,0.34691068649291995,-20.498359875,2.5446836090087888
-20.448363999999998,0.33697233200073246,-20.448363875,2.5446836090087888
-20.398367999999998,0.32703397750854496,-20.398367874999998,2.534745864868164
-20.348372,0.33697233200073246,-20.348371875,2.5496524810791015
-20.298376,0.3320031547546387,-20.298375875,2.5446836090087888
-20.24838,0.3419415092468262,-20.248379875,2.5397147369384765
-20.198384,0.3320031547546387,-20.198383875,2.5496524810791015
-20.148388,0.33697233200073246,-20.148387875,2.5496524810791015
-20.098392,0.3320031547546387,-20.098391875,2.5446836090087888
-20.048396,0.32703397750854496,-20.048395875,2.534745864868164
-19.9984,0.3320031547546387,-19.998399875,2.5446836090087888
-19.948404,0.3320031547546387,-19.948403875,2.5446836090087888
-19.898408,0.3419415092468262,-19.898407875,2.5397147369384765
-19.848412,0.32703397750854496,-19.848411875,2.5397147369384765
-19.798416,0.33697233200073246,-19.798415875,2.5446836090087888
-19.74842,0.3220648002624512,-19.748419875,2.5099015045166015
-19.698424,0.3220648002624512,-19.698423875,2.5496524810791015
-19.648428,0.3220648002624512,-19.648427875,2.5496524810791015
-19.598432,0.31709562301635746,-19.598431875,2.5446836090087888
-19.548436,0.3220648002624512,-19.548435875,2.5446836090087888
-19.49844,0.31709562301635746,-19.498439875,2.5397147369384765
-19.448444,0.3220648002624512,-19.448443875,2.5446836090087888
-19.398448,0.3220648002624512,-19.398447875,2.5546213531494137
-19.348451999999998,0.31709562301635746,-19.348451875,2.5446836090087888
-19.298455999999998,0.31709562301635746,-19.298455875,2.5446836090087888
-19.248459999999998,0.3220648002624512,-19.248459874999998,2.5496524810791015
-19.198464,0.31709562301635746,-19.198463875,2.534745864868164
-19.148468,0.31709562301635746,-19.148467875,2.5446836090087888
-19.098472,0.3121264457702637,-19.098471875,2.534745864868164
-19.048476,0.3121264457702637,-19.048475875,2.5397147369384765
-18.99848,0.3121264457702637,-18.998479875,2.5397147369384765
-18.948484,0.3220648002624512,-18.948483875,2.5496524810791015
-18.898488,0.31709562301635746,-18.898487875,2.5446836090087888
-18.848492,0.31709562301635746,-18.848491875,2.534745864868164
-18.798496,0.30715726852416997,-18.798495875,2.485057144165039
-18.7485,0.31709562301635746,-18.748499875,2.5546213531494137
-18.698504,0.31709562301635746,-18.698503875,2.5496524810791015
-18.648508,0.31709562301635746,-18.648507875,2.5546213531494137
-18.598512,0.3121264457702637,-18.598511875,2.5496524810791015
-18.548516,0.30715726852416997,-18.548515875,2.5496524810791015
-18.49852,0.3121264457702637,-18.498519875,2.5496524810791015
-18.448524,0.3121264457702637,-18.448523875,2.5446836090087888
-18.398528,0.30715726852416997,-18.398527875,2.534745864868164
-18.348532,0.30715726852416997,-18.348531875,2.5546213531494137
-18.298536,0.30715726852416997,-18.298535875,2.5446836090087888
-18.24854,0.31709562301635746,-18.248539875,2.5496524810791015
-18.198544,0.3021880912780762,-18.198543875,2.5397147369384765
-18.148547999999998,0.3121264457702637,-18.148547875,2.5297769927978515
-18.098551999999998,0.3021880912780762,-18.098551875,2.5397147369384765
-18.048555999999998,0.3021880912780762,-18.048555874999998,2.5397147369384765
-17.99856,0.3021880912780762,-17.998559875,2.5397147369384765
-17.948564,0.3121264457702637,-17.948563875,2.5496524810791015
-17.898568,0.30715726852416997,-17.898567875,2.5446836090087888
-17.848572,0.30715726852416997,-17.848571875,2.5496524810791015
-17.798576,0.3021880912780762,-17.798575875,2.5446836090087888
-17.74858,0.3021880912780762,-17.748579875,2.5546213531494137
-17.698584,0.30715726852416997,-17.698583875,2.5496524810791015
-17.648588,0.3021880912780762,-17.648587875,2.5446836090087888
-17.598592,0.30715726852416997,-17.598591875,2.5397147369384765
-17.548596,0.2972189140319824,-17.548595875,2.5397147369384765
-17.4986,0.2972189140319824,-17.498599875,2.5297769927978515
-17.448604,0.2972189140319824,-17.448603875,2.5546213531494137
-17.398608,0.29224973678588867,-17.398607875,2.5496524810791015
-17.348612,0.3021880912780762,-17.348611875,2.534745864868164
-17.298616,0.2972189140319824,-17.298615875,2.5446836090087888
-17.24862,0.29224973678588867,-17.248619875,2.5446836090087888
-17.198624,0.2972189140319824,-17.198623875,2.5446836090087888
-17.148628,0.29224973678588867,-17.148627875,2.5446836090087888
-17.098632,0.2972189140319824,-17.098631875,2.5397147369384765
-17.048636,0.29224973678588867,-17.048635875,2.5297769927978515
-16.998639999999998,0.2972189140319824,-16.998639875,2.534745864868164
-16.948643999999998,0.2872805595397949,-16.948643875,2.5397147369384765
-16.898647999999998,0.2872805595397949,-16.898647874999998,2.534745864868164
-16.848652,0.2872805595397949,-16.848651875,2.534745864868164
-16.798656,0.2872805595397949,-16.798655875,2.5397147369384765
-16.74866,0.29224973678588867,-16.748659875,2.5397147369384765
-16.698664,0.2972189140319824,-16.698663875,2.5446836090087888
-16.648668,0.2823113822937012,-16.648667875,2.5446836090087888
-16.598672,0.29224973678588867,-16.598671875,2.5397147369384765
-16.548676,0.29224973678588867,-16.548675875,2.4900260162353516
-16.49868,0.2872805595397949,-16.498679875,2.5446836090087888
-16.448684,0.29224973678588867,-16.448683875,2.5496524810791015
-16.398688,0.2872805595397949,-16.398687875,2.524808120727539
-16.348692,0.2872805595397949,-16.348691875,2.534745864868164
-16.298696,0.29224973678588867,-16.298695875,2.5446836090087888
-16.2487,0.2872805595397949,-16.248699875,2.5397147369384765
-16.198704,0.2773422050476074,-16.198703875,2.5397147369384765
-16.148708,0.29224973678588867,-16.148707875,2.5397147369384765
-16.098712,0.29224973678588867,-16.098711875,2.5446836090087888
-16.048716,0.2773422050476074,-16.048715875,2.5446836090087888
-15.998719999999999,0.2823113822937012,-15.998719874999999,2.534745864868164
-15.948724,0.2823113822937012,-15.948723875,2.5446836090087888
-15.898728,0.29224973678588867,-15.898727875,2.5446836090087888
-15.848732,0.2872805595397949,-15.848731875,2.5496524810791015
-15.798736,0.2723730278015137,-15.798735875,2.5397147369384765
-15.74874,0.2773422050476074,-15.748739875,2.5397147369384765
-15.698744,0.2773422050476074,-15.698743875,2.5297769927978515
-15.648748,0.2823113822937012,-15.648747875,2.5446836090087888
-15.598752,0.2823113822937012,-15.598751875,2.5297769927978515
-15.548756,0.2823113822937012,-15.548755875,2.5446836090087888
-15.498759999999999,0.2773422050476074,-15.498759875,2.5397147369384765
-15.448763999999999,0.2823113822937012,-15.448763875,2.5397147369384765
-15.398768,0.2823113822937012,-15.398767875,2.534745864868164
-15.348772,0.2823113822937012,-15.348771875,2.5297769927978515
-15.298776,0.2723730278015137,-15.298775875,2.5397147369384765
-15.24878,0.2723730278015137,-15.248779875,2.534745864868164
-15.198784,0.2823113822937012,-15.198783875,2.5397147369384765
-15.148788,0.2823113822937012,-15.148787875,2.5496524810791015
-15.098792,0.2823113822937012,-15.098791875,2.5397147369384765
-15.048796,0.2723730278015137,-15.048795875,2.5496524810791015
-14.9988,0.2773422050476074,-14.998799875,2.5397147369384765
-14.948803999999999,0.2773422050476074,-14.948803875,2.5397147369384765
-14.898807999999999,0.2723730278015137,-14.898807875,2.534745864868164
-14.848811999999999,0.2773422050476074,-14.848811874999999,2.5446836090087888
-14.798816,0.2823113822937012,-14.798815875,2.5446836090087888
-14.74882,0.2823113822937012,-14.748819875,2.5446836090087888
-14.698824,0.2773422050476074,-14.698823875,2.5446836090087888
-14.648828,0.2723730278015137,-14.648827875,2.5397147369384765
-14.598832,0.2723730278015137,-14.598831875,2.5446836090087888
-14.548836,0.2823113822937012,-14.548835875,2.5446836090087888
-14.49884,0.2723730278015137,-14.498839875,2.5446836090087888
-14.448844,0.2723730278015137,-14.448843875,2.5446836090087888
-14.398848,0.2723730278015137,-14.398847875,2.534745864868164
-14.348851999999999,0.2773422050476074,-14.348851875,2.5446836090087888
-14.298855999999999,0.2723730278015137,-14.298855875,2.534745864868164
-14.24886,0.2723730278015137,-14.248859875,2.5496524810791015
-14.198864,0.2723730278015137,-14.198863875,2.5446836090087888
-14.148868,0.2723730278015137,-14.148867875,2.5446836090087888
-14.098872,0.2723730278015137,-14.098871875,2.5397147369384765
-14.048876,0.2624346733093262,-14.048875875,2.534745864868164
-13.99888,0.25746549606323244,-13.998879875,2.524808120727539
-13.948884,0.26740385055541993,-13.948883875,2.5446836090087888
-13.898888,0.2723730278015137,-13.898887875,2.5496524810791015
-13.848892,0.2723730278015137,-13.848891875,2.5446836090087888
-13.798896,0.2773422050476074,-13.798895875,2.5397147369384765
-13.748899999999999,0.2773422050476074,-13.748899875,2.5446836090087888
-13.698903999999999,0.26740385055541993,-13.698903875,2.5397147369384765
-13.648908,0.26740385055541993,-13.648907875,2.5397147369384765
-13.598912,0.2624346733093262,-13.598911875,2.534745864868164
-13.548916,0.2723730278015137,-13.548915875,2.534745864868164
-13.49892,0.2723730278015137,-13.498919875,2.5496524810791015
-13.448924,0.2624346733093262,-13.448923875,2.5446836090087888
-13.398928,0.25746549606323244,-13.398927875,2.534745864868164
-13.348932,0.26740385055541993,-13.348931875,2.5198392486572265
-13.298936,0.26740385055541993,-13.298935875,2.5446836090087888
-13.24894,0.2723730278015137,-13.248939875,2.5397147369384765
-13.198944,0.25746549606323244,-13.198943875,2.5397147369384765
-13.148947999999999,0.25746549606323244,-13.148947875,2.534745864868164
-13.098951999999999,0.26740385055541993,-13.098951875,2.534745864868164
-13.048956,0.2624346733093262,-13.048955875,2.5397147369384765
-12.99896,0.26740385055541993,-12.998959875,2.5446836090087888
-12.948964,0.26740385055541993,-12.948963875,2.5397147369384765
-12.898968,0.2723730278015137,-12.898967875,2.5446836090087888
-12.848972,0.2723730278015137,-12.848971875,2.534745864868164
-12.798976,0.26740385055541993,-12.798975875,2.5397147369384765
-12.74898,0.25746549606323244,-12.748979875,2.534745864868164
-12.698984,0.2624346733093262,-12.698983875,2.5397147369384765
-12.648988,0.26740385055541993,-12.648987875,2.5397147369384765
-12.598991999999999,0.2624346733093262,-12.598991875,2.534745864868164
-12.548995999999999,0.2624346733093262,-12.548995875,2.534745864868164
-12.499,0.25746549606323244,-12.498999875,2.5397147369384765
-12.449004,0.2524963188171387,-12.449003875,2.5397147369384765
-12.399008,0.25746549606323244,-12.399007875,2.504932632446289
-12.349012,0.2624346733093262,-12.349011875,2.5496524810791015
-12.299016,0.26740385055541993,-12.299015875,2.5496524810791015
-12.24902,0.25746549606323244,-12.249019875,2.5446836090087888
-12.199024,0.25746549606323244,-12.199023875,2.5397147369384765
-12.149028,0.25746549606323244,-12.149027875,2.5397147369384765
-12.099032,0.25746549606323244,-12.099031875,2.534745864868164
-12.049036,0.26740385055541993,-12.049035875,2.5446836090087888
-11.999039999999999,0.2624346733093262,-11.999039875,2.5397147369384765
-11.949043999999999,0.25746549606323244,-11.949043875,2.534745864868164
-11.899048,0.2624346733093262,-11.899047875,2.5446836090087888
-11.849052,0.2624346733093262,-11.849051875,2.5446836090087888
-11.799056,0.25746549606323244,-11.799055875,2.5297769927978515
-11.74906,0.2624346733093262,-11.749059875,2.534745864868164
-11.699064,0.2524963188171387,-11.699063875,2.5297769927978515
-11.649068,0.25746549606323244,-11.649067875,2.5446836090087888
-11.599072,0.24752714157104494,-11.599071875,2.534745864868164
-11.549076,0.2524963188171387,-11.549075875,2.534745864868164
-11.49908,0.2624346733093262,-11.499079875,2.5397147369384765
-11.449084,0.2524963188171387,-11.449083875,2.5397147369384765
-11.399087999999999,0.2624346733093262,-11.399087875,2.5446836090087888
-11.349091999999999,0.2524963188171387,-11.349091875,2.5446836090087888
-11.299096,0.2624346733093262,-11.299095875,2.5397147369384765
-11.2491,0.24752714157104494,-11.249099875,2.5397147369384765
-11.199104,0.2524963188171387,-11.199103875,2.5397147369384765
-11.149108,0.25746549606323244,-11.149107875,2.5397147369384765
-11.099112,0.2524963188171387,-11.099111875,2.5297769927978515
-11.049116,0.2524963188171387,-11.049115875,2.524808120727539
-10.99912,0.2624346733093262,-10.999119875,2.5297769927978515
-10.949124,0.2524963188171387,-10.949123875,2.5397147369384765
-10.899128,0.2524963188171387,-10.899127875,2.5397147369384765
-10.849131999999999,0.2624346733093262,-10.849131875,2.5397147369384765
-10.799135999999999,0.2624346733093262,-10.799135875,2.5496524810791015
-10.74914,0.25746549606323244,-10.749139875000001,2.534745864868164
-10.699144,0.2524963188171387,-10.699143875,2.5297769927978515
-10.649148,0.2524963188171387,-10.649147875,2.534745864868164
-10.599152,0.2524963188171387,-10.599151875,2.524808120727539
-10.549156,0.2425579643249512,-10.549155875,2.5297769927978515
-10.49916,0.2524963188171387,-10.499159875,2.5297769927978515
-10.449164,0.2624346733093262,-10.449163875,2.5297769927978515
-10.399168,0.2524963188171387,-10.399167875,2.524808120727539
-10.349172,0.24752714157104494,-10.349171875,2.524808120727539
-10.299176,0.25746549606323244,-10.299175875,2.5297769927978515
-10.249179999999999,0.2524963188171387,-10.249179875,2.534745864868164
-10.199183999999999,0.2425579643249512,-10.199183875,2.5297769927978515
-10.149188,0.24752714157104494,-10.149187875,2.5099015045166015
-10.099192,0.24752714157104494,-10.099191875,2.5397147369384765
-10.049196,0.24752714157104494,-10.049195875,2.5496524810791015
-9.9992,0.2425579643249512,-9.999199875,2.534745864868164
-9.949204,0.2425579643249512,-9.949203875,2.5397147369384765
-9.899208,0.2425579643249512,-9.899207875,2.534745864868164
-9.849212,0.24752714157104494,-9.849211875,2.5446836090087888
-9.799216,0.2524963188171387,-9.799215875,2.5446836090087888
-9.74922,0.24752714157104494,-9.749219875,2.5446836090087888
-9.699224,0.2524963188171387,-9.699223875,2.5496524810791015
-9.649227999999999,0.2524963188171387,-9.649227875,2.5446836090087888
-9.599232,0.2425579643249512,-9.599231875000001,2.5397147369384765
-9.549236,0.24752714157104494,-9.549235875,2.534745864868164
-9.49924,0.2425579643249512,-9.499239875,2.534745864868164
-9.449244,0.2524963188171387,-9.449243875,2.534745864868164
-9.399248,0.2524963188171387,-9.399247875,2.5446836090087888
-9.349252,0.2425579643249512,-9.349251875,2.5397147369384765
-9.299256,0.24752714157104494,-9.299255875,2.5397147369384765
-9.24926,0.24752714157104494,-9.249259875,2.5446836090087888
-9.199264,0.24752714157104494,-9.199263875,2.514870376586914
-9.149268,0.24752714157104494,-9.149267875,2.534745864868164
-9.099272,0.2425579643249512,-9.099271875,2.5496524810791015
-9.049275999999999,0.2425579643249512,-9.049275875,2.5446836090087888
-8.99928,0.25746549606323244,-8.999279875000001,2.5446836090087888
-8.949284,0.2425579643249512,-8.949283875,2.5446836090087888
-8.899288,0.2524963188171387,-8.899287875,2.5397147369384765
-8.849292,0.23758878707885744,-8.849291875,2.534745864868164
-8.799296,0.23758878707885744,-8.799295875,2.5297769927978515
-8.7493,0.2425579643249512,-8.749299875,2.5397147369384765
-8.699304,0.2524963188171387,-8.699303875,2.5446836090087888
-8.649308,0.23758878707885744,-8.649307875,2.5446836090087888
-8.599312,0.2425579643249512,-8.599311875,2.5446836090087888
-8.549316,0.2425579643249512,-8.549315875,2.5397147369384765
-8.499319999999999,0.2425579643249512,-8.499319875,2.5446836090087888
-8.449323999999999,0.24752714157104494,-8.449323875,2.5397147369384765
-8.399328,0.2524963188171387,-8.399327875,2.5397147369384765
-8.349332,0.23758878707885744,-8.349331875,2.5446836090087888
-8.299336,0.23758878707885744,-8.299335875,2.534745864868164
-8.24934,0.2425579643249512,-8.249339875,2.524808120727539
-8.199344,0.2425579643249512,-8.199343875,2.5397147369384765
-8.149348,0.2425579643249512,-8.149347875,2.5496524810791015
-8.099352,0.2425579643249512,-8.099351875,2.534745864868164
-8.049356,0.2425579643249512,-8.049355875,2.534745864868164
-7.999359999999999,0.2425579643249512,-7.999359875,2.5397147369384765
-7.949364,0.23758878707885744,-7.949363875,2.534745864868164
-7.899368,0.2326196098327637,-7.899367875,2.534745864868164
-7.849372,0.2425579643249512,-7.849371875,2.5546213531494137
-7.799376,0.24752714157104494,-7.799375875,2.564559097290039
-7.7493799999999995,0.23758878707885744,-7.749379875,2.5546213531494137
-7.699384,0.23758878707885744,-7.6993838750000005,2.5496524810791015
-7.649388,0.2326196098327637,-7.649387875,2.534745864868164
-7.599392,0.24752714157104494,-7.599391875,2.524808120727539
-7.549396,0.2425579643249512,-7.549395875,2.5198392486572265
-7.4994,0.23758878707885744,-7.499399875,2.5297769927978515
-7.4494039999999995,0.2425579643249512,-7.449403875,2.534745864868164
-7.399408,0.24752714157104494,-7.3994078750000005,2.5397147369384765
-7.349412,0.23758878707885744,-7.349411875,2.524808120727539
-7.299416,0.23758878707885744,-7.299415875,2.534745864868164
-7.24942,0.23758878707885744,-7.249419875,2.5297769927978515
-7.199424,0.2326196098327637,-7.199423875,2.5397147369384765
-7.1494279999999995,0.2326196098327637,-7.149427875,2.534745864868164
-7.099432,0.2326196098327637,-7.0994318750000005,2.5397147369384765
-7.049436,0.23758878707885744,-7.049435875,2.534745864868164
-6.99944,0.23758878707885744,-6.999439875,2.5446836090087888
-6.949444,0.23758878707885744,-6.949443875,2.534745864868164
-6.899448,0.23758878707885744,-6.899447875,2.534745864868164
-6.849451999999999,0.22765043258666995,-6.849451875,2.5397147369384765
-6.799456,0.23758878707885744,-6.7994558750000005,2.5397147369384765
-6.74946,0.24752714157104494,-6.749459875,2.5496524810791015
-6.699464,0.2326196098327637,-6.699463875,2.5595902252197265
-6.649468,0.2425579643249512,-6.649467875,2.5446836090087888
-6.599472,0.2425579643249512,-6.599471875,2.5496524810791015
-6.549475999999999,0.23758878707885744,-6.549475875,2.5446836090087888
-6.49948,0.2326196098327637,-6.4994798750000005,2.5446836090087888
-6.449484,0.24752714157104494,-6.449483875,2.5397147369384765
-6.399488,0.23758878707885744,-6.399487875,2.5446836090087888
-6.349492,0.23758878707885744,-6.349491875,2.5397147369384765
-6.2994959999999995,0.2425579643249512,-6.299495875,2.534745864868164
-6.2495,0.22765043258666995,-6.249499875000001,2.5446836090087888
-6.199504,0.2326196098327637,-6.199503875,2.5397147369384765
-6.149508,0.2326196098327637,-6.149507875,2.5397147369384765
-6.099512,0.2326196098327637,-6.099511875,2.534745864868164
-6.049516,0.2326196098327637,-6.049515875,2.534745864868164
-5.9995199999999995,0.2326196098327637,-5.999519875,2.5297769927978515
-5.949524,0.24752714157104494,-5.949523875000001,2.5397147369384765
-5.899528,0.2425579643249512,-5.899527875,2.534745864868164
-5.849532,0.24752714157104494,-5.849531875,2.5546213531494137
-5.799536,0.16305112838745117,-5.799535875,2.534745864868164
-5.74954,0.16305112838745117,-5.749539875,2.5446836090087888
-5.6995439999999995,0.15808195114135742,-5.699543875,2.5446836090087888
-5.649548,0.16802030563354495,-5.6495478750000006,2.5496524810791015
-5.599552,0.1729894828796387,-5.599551875,2.5546213531494137
-5.549556,0.15311277389526368,-5.549555875,2.5446836090087888
-5.49956,0.16305112838745117,-5.499559875,2.5397147369384765
-5.449564,0.15808195114135742,-5.449563875,2.5446836090087888
-5.3995679999999995,0.16305112838745117,-5.399567875,2.5397147369384765
-5.349572,0.15311277389526368,-5.3495718750000005,2.5446836090087888
-5.299576,0.16305112838745117,-5.299575875,2.5446836090087888
-5.24958,0.16305112838745117,-5.249579875,2.5446836090087888
-5.199584,0.15808195114135742,-5.199583875,2.5397147369384765
-5.149588,0.16305112838745117,-5.149587875,2.5446836090087888
-5.0995919999999995,0.15808195114135742,-5.099591875,2.534745864868164
-5.049596,0.15808195114135742,-5.0495958750000005,2.5446836090087888
-4.9996,0.15808195114135742,-4.999599875,2.5397147369384765
-4.949604,0.16305112838745117,-4.949603875,2.5496524810791015
-4.899608,0.15311277389526368,-4.899607875,2.5446836090087888
-4.849612,0.15311277389526368,-4.849611875,2.5446836090087888
-4.799616,0.15311277389526368,-4.799615875000001,2.5446836090087888
-4.74962,0.16305112838745117,-4.7496198750000005,2.5446836090087888
-4.699624,0.16305112838745117,-4.699623875,2.5397147369384765
-4.649628,0.16305112838745117,-4.649627875,2.5496524810791015
-4.599632,0.15808195114135742,-4.599631875,2.5397147369384765
-4.549636,0.15808195114135742,-4.549635875,2.534745864868164
-4.49964,0.15311277389526368,-4.499639875000001,2.5397147369384765
-4.449644,0.1729894828796387,-4.4496438750000005,2.5546213531494137
-4.399648,0.16305112838745117,-4.399647875,2.5397147369384765
-4.349652,0.15808195114135742,-4.349651875,2.5446836090087888
-4.299656,0.16305112838745117,-4.299655875,2.5397147369384765
-4.2496599999999995,0.16802030563354495,-4.249659875,2.534745864868164
-4.199664,0.15311277389526368,-4.199663875000001,2.534745864868164
-4.149668,0.15808195114135742,-4.1496678750000004,2.534745864868164
-4.099672,0.16305112838745117,-4.099671875,2.534745864868164
-4.049676,0.16802030563354495,-4.049675875,2.5446836090087888
-3.9996799999999997,0.16305112838745117,-3.9996798749999996,2.5397147369384765
-3.949684,0.16305112838745117,-3.949683875,2.5446836090087888
-3.899688,0.16802030563354495,-3.8996878749999997,2.5496524810791015
-3.849692,0.16305112838745117,-3.849691875,2.534745864868164
-3.799696,0.16802030563354495,-3.799695875,2.5446836090087888
-3.7497,0.15311277389526368,-3.7496998749999997,2.5397147369384765
-3.699704,0.15808195114135742,-3.699703875,2.5397147369384765
-3.649708,0.16305112838745117,-3.649707875,2.5397147369384765
-3.599712,0.15808195114135742,-3.5997118749999997,2.534745864868164
-3.549716,0.15808195114135742,-3.549715875,2.534745864868164
-3.49972,0.16305112838745117,-3.499719875,2.524808120727539
-3.449724,0.16305112838745117,-3.4497238749999997,2.534745864868164
-3.399728,0.16802030563354495,-3.399727875,2.534745864868164
-3.349732,0.16802030563354495,-3.349731875,2.5397147369384765
-3.299736,0.14814359664916993,-3.2997358749999997,2.534745864868164
-3.24974,0.16305112838745117,-3.249739875,2.5297769927978515
-3.199744,0.15808195114135742,-3.199743875,2.5297769927978515
-3.1497479999999998,0.15808195114135742,-3.1497478749999996,2.5297769927978515
-3.099752,0.15808195114135742,-3.099751875,2.524808120727539
-3.049756,0.16802030563354495,-3.049755875,2.5297769927978515
-2.9997599999999998,0.15808195114135742,-2.9997598749999996,2.5297769927978515
-2.949764,0.14814359664916993,-2.949763875,2.534745864868164
-2.899768,0.15808195114135742,-2.8997678749999998,2.5198392486572265
-2.8497719999999997,0.15808195114135742,-2.8497718749999996,2.534745864868164
-2.799776,0.15311277389526368,-2.799775875,2.534745864868164
-2.74978,0.16305112838745117,-2.7497798749999998,2.5297769927978515
-2.6997839999999997,0.15808195114135742,-2.6997838749999996,2.4701505279541016
-2.649788,0.15808195114135742,-2.649787875,2.5297769927978515
-2.599792,0.1729894828796387,-2.5997918749999998,2.5446836090087888
-2.5497959999999997,0.16802030563354495,-2.5497958749999996,2.524808120727539
-2.4998,0.15311277389526368,-2.499799875,2.5496524810791015
-2.449804,0.1729894828796387,-2.4498038749999997,2.5595902252197265
-2.399808,0.15808195114135742,-2.399807875,2.5496524810791015
-2.349812,0.15311277389526368,-2.349811875,2.5496524810791015
-2.299816,0.15311277389526368,-2.2998158749999997,2.5397147369384765
-2.24982,0.15311277389526368,-2.249819875,2.5446836090087888
-2.199824,0.15808195114135742,-2.199823875,2.5546213531494137
-2.149828,0.16305112838745117,-2.1498278749999997,2.5546213531494137
-2.099832,0.15311277389526368,-2.099831875,2.5397147369384765
-2.049836,0.16305112838745117,-2.049835875,2.5546213531494137
-1.9998399999999998,0.14814359664916993,-1.999839875,2.5496524810791015
-1.949844,0.15808195114135742,-1.949843875,2.5446836090087888
-1.899848,0.15311277389526368,-1.899847875,2.5397147369384765
-1.849852,0.15808195114135742,-1.8498518750000001,2.5446836090087888
-1.799856,0.15311277389526368,-1.799855875,2.5397147369384765
-1.74986,0.15311277389526368,-1.749859875,2.5397147369384765
-1.699864,0.15808195114135742,-1.6998638750000001,2.5397147369384765
-1.649868,0.15808195114135742,-1.649867875,2.5446836090087888
-1.599872,0.16305112838745117,-1.599871875,2.5496524810791015
-1.549876,0.16802030563354495,-1.5498758750000001,2.5397147369384765
-1.4998799999999999,0.15311277389526368,-1.499879875,2.5297769927978515
-1.449884,0.16305112838745117,-1.449883875,2.5446836090087888
-1.399888,0.15808195114135742,-1.3998878750000001,2.5446836090087888
-1.3498919999999999,0.16305112838745117,-1.349891875,2.5397147369384765
-1.299896,0.16305112838745117,-1.299895875,2.5446836090087888
-1.2499,0.15808195114135742,-1.249899875,2.5397147369384765
-1.199904,0.15808195114135742,-1.1999038750000002,2.5446836090087888
-1.149908,0.15311277389526368,-1.149907875,2.534745864868164
-1.099912,0.15808195114135742,-1.099911875,2.534745864868164
-1.049916,0.15808195114135742,-1.0499158750000002,2.5397147369384765
-0.9999199999999999,0.16802030563354495,-0.9999198749999999,2.5446836090087888
-0.949924,0.15808195114135742,-0.949923875,2.5446836090087888
-0.899928,0.15311277389526368,-0.8999278749999999,2.534745864868164
-0.849932,0.16305112838745117,-0.849931875,2.5446836090087888
-0.799936,0.16305112838745117,-0.799935875,2.5446836090087888
-0.7499399999999999,0.15808195114135742,-0.7499398749999999,2.534745864868164
-0.699944,0.16802030563354495,-0.699943875,2.5446836090087888
-0.649948,0.15311277389526368,-0.649947875,2.5397147369384765
-0.599952,0.15808195114135742,-0.599951875,2.5446836090087888
-0.549956,0.15808195114135742,-0.549955875,2.5446836090087888
-0.49995999999999996,0.16802030563354495,-0.49995987499999994,2.5446836090087888
-0.449964,0.15808195114135742,-0.44996387499999996,2.534745864868164
-0.399968,0.16305112838745117,-0.399967875,2.5446836090087888
-0.349972,0.16305112838745117,-0.349971875,2.534745864868164
-0.299976,0.16802030563354495,-0.299975875,2.5397147369384765
-0.24997999999999998,0.16802030563354495,-0.249979875,2.5397147369384765
-0.199984,0.16305112838745117,-0.199983875,2.5446836090087888
-0.149988,0.16802030563354495,-0.14998787500000002,2.5397147369384765
-0.099992,0.15311277389526368,-0.099991875,2.534745864868164
-0.049996,0.16305112838745117,-0.049995875,2.5446836090087888
0.0,0.16305112838745117,1.25e-07,2.514870376586914
0.049996,0.15808195114135742,0.049996124999999995,2.514870376586914
0.099992,0.16305112838745117,0.099992125,2.5297769927978515
0.149988,0.16802030563354495,0.149988125,2.5446836090087888
0.199984,0.16305112838745117,0.19998412499999998,2.5446836090087888
0.24997999999999998,0.16305112838745117,0.24998012499999997,2.5446836090087888
0.299976,0.15311277389526368,0.29997612500000004,2.5496524810791015
0.349972,0.15311277389526368,0.349972125,2.5496524810791015
0.399968,0.15311277389526368,0.399968125,2.5397147369384765
0.449964,0.16305112838745117,0.449964125,2.5496524810791015
0.49995999999999996,0.15808195114135742,0.499960125,2.5446836090087888
0.549956,0.15808195114135742,0.549956125,2.5397147369384765
0.599952,0.16802030563354495,0.5999521250000001,2.5446836090087888
0.649948,0.15808195114135742,0.649948125,2.5446836090087888
0.699944,0.15311277389526368,0.699944125,2.534745864868164
0.7499399999999999,0.15808195114135742,0.749940125,2.534745864868164
0.799936,0.15808195114135742,0.799936125,2.5397147369384765
0.849932,0.15808195114135742,0.849932125,2.534745864868164
0.899928,0.15808195114135742,0.899928125,2.5397147369384765
0.949924,0.16305112838745117,0.949924125,2.5397147369384765
0.9999199999999999,0.15311277389526368,0.9999201249999999,2.534745864868164
1.049916,0.15808195114135742,1.049916125,2.534745864868164
1.099912,0.15808195114135742,1.099912125,2.5397147369384765
1.149908,0.15311277389526368,1.1499081249999998,2.5397147369384765
1.199904,0.15808195114135742,1.199904125,2.534745864868164
1.2499,0.15808195114135742,1.249900125,2.5446836090087888
1.299896,0.15808195114135742,1.2998961249999998,2.5099015045166015
1.3498919999999999,0.16305112838745117,1.3498921249999998,2.5297769927978515
1.399888,0.16802030563354495,1.399888125,2.5099015045166015
1.449884,0.15808195114135742,1.4498841249999999,2.5198392486572265
1.4998799999999999,0.15808195114135742,1.4998801249999998,2.5397147369384765
1.549876,0.16305112838745117,1.549876125,2.5496524810791015
1.599872,0.16305112838745117,1.5998721249999999,2.5595902252197265
1.649868,0.15311277389526368,1.6498681249999998,2.5496524810791015
1.699864,0.1729894828796387,1.699864125,2.5496524810791015
1.74986,0.15808195114135742,1.7498601249999999,2.5446836090087888
1.799856,0.15311277389526368,1.7998561249999998,2.5397147369384765
1.849852,0.15808195114135742,1.849852125,2.5446836090087888
1.899848,0.15311277389526368,1.8998481249999999,2.524808120727539
1.949844,0.15808195114135742,1.9498441249999998,2.5397147369384765
1.9998399999999998,0.15311277389526368,1.9998401249999997,2.534745864868164
2.049836,0.15311277389526368,2.049836125,2.534745864868164
2.099832,0.16305112838745117,2.0998321250000003,2.5397147369384765
2.149828,0.15808195114135742,2.149828125,2.5397147369384765
2.199824,0.15808195114135742,2.199824125,2.5397147369384765
2.24982,0.16802030563354495,2.2498201250000003,2.5446836090087888
2.299816,0.16802030563354495,2.299816125,2.5496524810791015
2.349812,0.15808195114135742,2.349812125,2.534745864868164
2.399808,0.16305112838745117,2.3998081250000003,2.5446836090087888
2.449804,0.16305112838745117,2.449804125,2.5446836090087888
2.4998,0.15808195114135742,2.499800125,2.5446836090087888
2.5497959999999997,0.15311277389526368,2.549796125,2.5446836090087888
2.599792,0.15311277389526368,2.599792125,2.534745864868164
2.649788,0.16802030563354495,2.649788125,2.5397147369384765
2.6997839999999997,0.16305112838745117,2.699784125,2.5397147369384765
2.74978,0.16802030563354495,2.749780125,2.5397147369384765
2.799776,0.16305112838745117,2.799776125,2.5397147369384765
2.8497719999999997,0.15808195114135742,2.849772125,2.5397147369384765
2.899768,0.15311277389526368,2.899768125,2.5297769927978515
2.949764,0.15808195114135742,2.949764125,2.534745864868164
2.9997599999999998,0.16305112838745117,2.999760125,2.5297769927978515
3.049756,0.15808195114135742,3.049756125,2.5446836090087888
3.099752,0.15808195114135742,3.099752125,2.5397147369384765
3.1497479999999998,0.15311277389526368,3.149748125,2.534745864868164
3.199744,0.16305112838745117,3.199744125,2.5446836090087888
3.24974,0.14814359664916993,3.249740125,2.534745864868164
3.299736,0.16802030563354495,3.299736125,2.5446836090087888
3.349732,0.16305112838745117,3.349732125,2.5397147369384765
3.399728,0.15808195114135742,3.399728125,2.534745864868164
3.449724,0.14814359664916993,3.449724125,2.534745864868164
3.49972,0.15311277389526368,3.499720125,2.534745864868164
3.549716,0.16802030563354495,3.549716125,2.5397147369384765
3.599712,0.15808195114135742,3.599712125,2.534745864868164
3.649708,0.15808195114135742,3.649708125,2.5397147369384765
3.699704,0.15311277389526368,3.6997041250000002,2.5297769927978515
3.7497,0.15808195114135742,3.749700125,2.5397147369384765
3.799696,0.15311277389526368,3.799696125,2.5397147369384765
3.849692,0.15808195114135742,3.8496921250000002,2.5397147369384765
3.899688,0.15311277389526368,3.899688125,2.534745864868164
3.949684,0.15808195114135742,3.949684125,2.534745864868164
3.9996799999999997,0.14814359664916993,3.999680125,2.5297769927978515
4.049676,0.16305112838745117,4.0496761249999995,2.5446836090087888
4.099672,0.15311277389526368,4.099672125,2.5397147369384765
4.149668,0.16305112838745117,4.149668125,2.534745864868164
4.199664,0.15808195114135742,4.199664125,2.5446836090087888
4.2496599999999995,0.15808195114135742,4.249660124999999,2.5297769927978515
4.299656,0.15311277389526368,4.299656124999999,2.534745864868164
4.349652,0.15808195114135742,4.3496521249999995,2.5397147369384765
4.399648,0.15808195114135742,4.399648125,2.5397147369384765
4.449644,0.15808195114135742,4.449644125,2.5446836090087888
4.49964,0.15808195114135742,4.499640125,2.5297769927978515
4.549636,0.16802030563354495,4.549636124999999,2.5397147369384765
4.599632,0.15808195114135742,4.599632124999999,2.5446836090087888
4.649628,0.16305112838745117,4.649628125,2.534745864868164
4.699624,0.16305112838745117,4.699624125,2.5397147369384765
4.74962,0.16305112838745117,4.749620125,2.5446836090087888
4.799616,0.14814359664916993,4.799616125,2.5397147369384765
4.849612,0.15808195114135742,4.849612124999999,2.5446836090087888
4.899608,0.15808195114135742,4.899608124999999,2.5397147369384765
4.949604,0.15808195114135742,4.949604125,2.534745864868164
4.9996,0.16305112838745117,4.999600125,2.5397147369384765
5.049596,0.16305112838745117,5.049596125,2.534745864868164
5.0995919999999995,0.16305112838745117,5.099592124999999,2.534745864868164
5.149588,0.16305112838745117,5.149588124999999,2.5397147369384765
5.199584,0.16802030563354495,5.1995841249999994,2.5446836090087888
5.24958,0.16305112838745117,5.249580125,2.5297769927978515
5.299576,0.15808195114135742,5.299576125,2.5297769927978515
5.349572,0.16802030563354495,5.349572125,2.5397147369384765
5.3995679999999995,0.16305112838745117,5.399568124999999,2.534745864868164
5.449564,0.15311277389526368,5.449564124999999,2.5397147369384765
5.49956,0.16305112838745117,5.4995601249999995,2.5397147369384765
5.549556,0.15311277389526368,5.549556125,2.534745864868164
5.599552,0.16305112838745117,5.599552125,2.5397147369384765
5.649548,0.15808195114135742,5.649548125,2.5297769927978515
5.6995439999999995,0.16305112838745117,5.699544124999999,2.5446836090087888
5.74954,0.16305112838745117,5.749540124999999,2.5446836090087888
5.799536,0.16305112838745117,5.7995361249999995,2.5397147369384765
5.849532,0.15311277389526368,5.849532125,2.5297769927978515
5.899528,0.15808195114135742,5.899528125,2.534745864868164
5.949524,0.16305112838745117,5.949524125,2.5297769927978515
5.9995199999999995,0.15808195114135742,5.999520124999999,2.534745864868164
6.049516,0.15311277389526368,6.049516124999999,2.5397147369384765
6.099512,0.16305112838745117,6.0995121249999995,2.534745864868164
6.149508,0.15311277389526368,6.149508125,2.514870376586914
6.199504,0.15808195114135742,6.199504125,2.5446836090087888
6.2495,0.14814359664916993,6.249500125,2.534745864868164
6.2994959999999995,0.16305112838745117,6.299496124999999,2.534745864868164
6.349492,0.1729894828796387,6.349492124999999,2.5496524810791015
6.399488,0.15808195114135742,6.3994881249999995,2.5446836090087888
6.449484,0.15808195114135742,6.449484125,2.5397147369384765
6.49948,0.15808195114135742,6.499480125,2.534745864868164
6.549475999999999,0.16305112838745117,6.549476124999999,2.5397147369384765
6.599472,0.16305112838745117,6.599472124999999,2.5397147369384765
6.649468,0.15808195114135742,6.649468124999999,2.5397147369384765
6.699464,0.16305112838745117,6.6994641249999995,2.5446836090087888
6.74946,0.15311277389526368,6.749460125,2.534745864868164
6.799456,0.16802030563354495,6.799456125,2.5496524810791015
6.849451999999999,0.16802030563354495,6.849452124999999,2.5397147369384765
6.899448,0.15808195114135742,6.899448124999999,2.534745864868164
6.949444,0.14814359664916993,6.949444124999999,2.534745864868164
6.99944,0.15311277389526368,6.999440125,2.5446836090087888
7.049436,0.15808195114135742,7.049436125,2.5397147369384765
7.099432,0.16305112838745117,7.099432125,2.5397147369384765
7.1494279999999995,0.15311277389526368,7.149428124999999,2.5397147369384765
7.199424,0.15808195114135742,7.199424124999999,2.5446836090087888
7.24942,0.15808195114135742,7.249420124999999,2.5446836090087888
7.299416,0.16305112838745117,7.299416125,2.5446836090087888
7.349412,0.15808195114135742,7.349412125,2.5397147369384765
7.399408,0.16802030563354495,7.399408125,2.5297769927978515
7.4494039999999995,0.15808195114135742,7.449404124999999,2.5446836090087888
7.4994,0.16305112838745117,7.499400124999999,2.534745864868164
7.549396,0.15808195114135742,7.5493961249999995,2.5397147369384765
7.599392,0.15808195114135742,7.599392125,2.5446836090087888
7.649388,0.15808195114135742,7.649388125,2.534745864868164
7.699384,0.15311277389526368,7.699384125,2.514870376586914
7.7493799999999995,0.15808195114135742,7.749380124999999,2.534745864868164
7.799376,0.16305112838745117,7.799376124999999,2.534745864868164
7.849372,0.15808195114135742,7.8493721249999995,2.5496524810791015
7.899368,0.15808195114135742,7.899368125,2.5397147369384765
7.949364,0.14814359664916993,7.949364125,2.5446836090087888
7.999359999999999,0.15808195114135742,7.999360124999999,2.5446836090087888
8.049356,0.15808195114135742,8.049356125,2.534745864868164
8.099352,0.16305112838745117,8.099352125,2.5397147369384765
8.149348,0.15808195114135742,8.149348125,2.5397147369384765
8.199344,0.16305112838745117,8.199344125,2.5446836090087888
8.24934,0.15808195114135742,8.249340125,2.5397147369384765
8.299336,0.15311277389526368,8.299336125,2.5397147369384765
8.349332,0.16305112838745117,8.349332125,2.534745864868164
8.399328,0.15808195114135742,8.399328125,2.5297769927978515
8.449323999999999,0.16305112838745117,8.449324124999999,2.5496524810791015
8.499319999999999,0.16305112838745117,8.499320124999999,2.534745864868164
8.549316,0.15311277389526368,8.549316124999999,2.5496524810791015
8.599312,0.16305112838745117,8.599312124999999,2.5446836090087888
8.649308,0.14814359664916993,8.649308125,2.5446836090087888
8.699304,0.16305112838745117,8.699304125,2.5496524810791015
8.7493,0.15808195114135742,8.749300125,2.5446836090087888
8.799296,0.15808195114135742,8.799296125,2.5397147369384765
8.849292,0.17795866012573244,8.849292125,2.5496524810791015
8.899288,0.16305112838745117,8.899288125,2.5446836090087888
8.949284,0.16305112838745117,8.949284125,2.534745864868164
8.99928,0.15808195114135742,8.999280125,2.534745864868164
9.049275999999999,0.15808195114135742,9.049276124999999,2.534745864868164
9.099272,0.16305112838745117,9.099272124999999,2.5397147369384765
9.149268,0.16305112838745117,9.149268124999999,2.5397147369384765
9.199264,0.15808195114135742,9.199264125,2.5397147369384765
9.24926,0.16305112838745117,9.249260125,2.534745864868164
9.299256,0.15808195114135742,9.299256125,2.5297769927978515
9.349252,0.16305112838745117,9.349252125,2.5397147369384765
9.399248,0.16305112838745117,9.399248125,2.5397147369384765
9.449244,0.15311277389526368,9.449244125,2.5397147369384765
9.49924,0.16802030563354495,9.499240125,2.534745864868164
9.549236,0.16802030563354495,9.549236125,2.5446836090087888
9.599232,0.16305112838745117,9.599232125,2.5397147369384765
9.649227999999999,0.15808195114135742,9.649228124999999,2.5446836090087888
9.699224,0.15808195114135742,9.699224124999999,2.5397147369384765
9.74922,0.16305112838745117,9.749220124999999,2.5446836090087888
9.799216,0.15311277389526368,9.799216125,2.5397147369384765
9.849212,0.15311277389526368,9.849212125,2.5297769927978515
9.899208,0.16802030563354495,9.899208125,2.5446836090087888
9.949204,0.15808195114135742,9.949204125,2.485057144165039
9.9992,0.14814359664916993,9.999200125,2.5099015045166015
10.049196,0.15311277389526368,10.049196125,2.5446836090087888
10.099192,0.16802030563354495,10.099192125,2.5496524810791015
10.149188,0.16305112838745117,10.149188125,2.5595902252197265
10.199183999999999,0.16305112838745117,10.199184124999999,2.5496524810791015
10.249179999999999,0.16305112838745117,10.249180124999999,2.5546213531494137
10.299176,0.14814359664916993,10.299176124999999,2.5397147369384765
10.349172,0.16305112838745117,10.349172124999999,2.5446836090087888
10.399168,0.16305112838745117,10.399168125,2.534745864868164
10.449164,0.16305112838745117,10.449164125,2.5397147369384765
10.49916,0.15808195114135742,10.499160125,2.534745864868164
10.549156,0.15808195114135742,10.549156125,2.5446836090087888
10.599152,0.16802030563354495,10.599152125,2.534745864868164
10.649148,0.16305112838745117,10.649148125,2.5446836090087888
10.699144,0.16305112838745117,10.699144125,2.5446836090087888
10.74914,0.16305112838745117,10.749140125,2.5397147369384765
10.799135999999999,0.15808195114135742,10.799136124999999,2.534745864868164
10.849131999999999,0.15808195114135742,10.849132124999999,2.534745864868164
10.899128,0.15808195114135742,10.899128124999999,2.5397147369384765
10.949124,0.16305112838745117,10.949124124999999,2.5397147369384765
10.99912,0.15808195114135742,10.999120125,2.5397147369384765
11.049116,0.16305112838745117,11.049116125,2.5446836090087888
11.099112,0.15808195114135742,11.099112125,2.5446836090087888
11.149108,0.15808195114135742,11.149108125,2.5297769927978515
11.199104,0.14814359664916993,11.199104125,2.534745864868164
11.2491,0.15311277389526368,11.249100125,2.5297769927978515
11.299096,0.16305112838745117,11.299096125,2.5397147369384765
11.349091999999999,0.16305112838745117,11.349092124999999,2.5446836090087888
11.399087999999999,0.15808195114135742,11.399088124999999,2.5297769927978515
11.449084,0.16305112838745117,11.449084124999999,2.5397147369384765
11.49908,0.16305112838745117,11.499080124999999,2.534745864868164
11.549076,0.15808195114135742,11.549076125,2.5397147369384765
11.599072,0.16305112838745117,11.599072125,2.5397147369384765
11.649068,0.15808195114135742,11.649068125,2.5397147369384765
11.699064,0.15311277389526368,11.699064125,2.534745864868164
11.74906,0.16802030563354495,11.749060125,2.5397147369384765
11.799056,0.15808195114135742,11.799056125,2.534745864868164
11.849052,0.16305112838745117,11.849052125,2.5397147369384765
11.899048,0.15808195114135742,11.899048125,2.5397147369384765
11.949043999999999,0.16305112838745117,11.949044124999999,2.5397147369384765
11.999039999999999,0.16305112838745117,11.999040124999999,2.5397147369384765
12.049036,0.16305112838745117,12.049036124999999,2.534745864868164
12.099032,0.15808195114135742,12.099032124999999,2.534745864868164
12.149028,0.16305112838745117,12.149028125,2.524808120727539
12.199024,0.16305112838745117,12.199024125,2.5397147369384765
12.24902,0.16305112838745117,12.249020125,2.5397147369384765
12.299016,0.14814359664916993,12.299016125,2.534745864868164
12.349012,0.16802030563354495,12.349012125,2.5446836090087888
12.399008,0.15808195114135742,12.399008125,2.5397147369384765
12.449004,0.16305112838745117,12.449004125,2.5446836090087888
12.499,0.15311277389526368,12.499000125,2.5198392486572265
12.548995999999999,0.15808195114135742,12.548996124999999,2.4602127838134766
12.598991999999999,0.15311277389526368,12.598992124999999,2.5198392486572265
12.648988,0.16305112838745117,12.648988124999999,2.5496524810791015
12.698984,0.15311277389526368,12.698984124999999,2.5446836090087888
12.74898,0.15311277389526368,12.748980125,2.5546213531494137
12.798976,0.15311277389526368,12.798976125,2.5496524810791015
12.848972,0.15808195114135742,12.848972125,2.5496524810791015
12.898968,0.15808195114135742,12.898968125,2.5446836090087888
12.948964,0.16305112838745117,12.948964125,2.5496524810791015
12.99896,0.15808195114135742,12.998960125,2.5446836090087888
13.048956,0.15808195114135742,13.048956125,2.5397147369384765
13.098951999999999,0.15808195114135742,13.098952124999999,2.5446836090087888
13.148947999999999,0.16305112838745117,13.148948124999999,2.534745864868164
13.198944,0.15808195114135742,13.198944124999999,2.5397147369384765
13.24894,0.16305112838745117,13.248940124999999,2.534745864868164
13.298936,0.16305112838745117,13.298936124999999,2.485057144165039
13.348932,0.16305112838745117,13.348932125,2.514870376586914
13.398928,0.15311277389526368,13.398928125,2.534745864868164
13.448924,0.16802030563354495,13.448924125,2.5496524810791015
13.49892,0.16305112838745117,13.498920125,2.5397147369384765
13.548916,0.16305112838745117,13.548916125,2.5496524810791015
13.598912,0.15311277389526368,13.598912125,2.5446836090087888
13.648908,0.15808195114135742,13.648908125,2.5546213531494137
13.698903999999999,0.16305112838745117,13.698904124999999,2.534745864868164
13.748899999999999,0.16305112838745117,13.748900124999999,2.5496524810791015
13.798896,0.16305112838745117,13.798896124999999,2.5397147369384765
13.848892,0.16305112838745117,13.848892124999999,2.5496524810791015
13.898888,0.15808195114135742,13.898888125,2.5496524810791015
13.948884,0.15808195114135742,13.948884125,2.5297769927978515
13.99888,0.1729894828796387,13.998880125,2.485057144165039
14.048876,0.16305112838745117,14.048876125,2.504932632446289
14.098872,0.15808195114135742,14.098872125,2.5198392486572265
14.148868,0.15808195114135742,14.148868125,2.5446836090087888
14.198864,0.16305112838745117,14.198864125,2.5546213531494137
14.24886,0.15808195114135742,14.248860125,2.5397147369384765
14.298855999999999,0.1729894828796387,14.298856124999999,2.5496524810791015
14.348851999999999,0.15808195114135742,14.348852124999999,2.5496524810791015
14.398848,0.15808195114135742,14.398848124999999,2.534745864868164
14.448844,0.16305112838745117,14.448844124999999,2.534745864868164
14.49884,0.15808195114135742,14.498840125,2.5397147369384765
14.548836,0.16802030563354495,14.548836125,2.5595902252197265
14.598832,0.16305112838745117,14.598832125,2.5595902252197265
14.648828,0.16305112838745117,14.648828125,2.5496524810791015
14.698824,0.15808195114135742,14.698824125,2.5496524810791015
14.74882,0.16305112838745117,14.748820125,2.5496524810791015
14.798816,0.16305112838745117,14.798816125,2.5397147369384765
14.848811999999999,0.15311277389526368,14.848812124999998,2.5446836090087888
14.898807999999999,0.16305112838745117,14.898808124999999,2.534745864868164
14.948803999999999,0.15311277389526368,14.948804124999999,2.5397147369384765
14.9988,0.15311277389526368,14.998800124999999,2.534745864868164
15.048796,0.16305112838745117,15.048796124999999,2.5397147369384765
15.098792,0.16305112838745117,15.098792125,2.5397147369384765
15.148788,0.15311277389526368,15.148788125,2.534745864868164
15.198784,0.1729894828796387,15.198784125,2.534745864868164
15.24878,0.16305112838745117,15.248780125,2.5397147369384765
15.298776,0.15311277389526368,15.298776125,2.5297769927978515
15.348772,0.16305112838745117,15.348772125,2.5397147369384765
15.398768,0.15808195114135742,15.398768125,2.5397147369384765
15.448763999999999,0.15311277389526368,15.448764124999999,2.5397147369384765
15.498759999999999,0.16305112838745117,15.498760124999999,2.534745864868164
15.548756,0.16305112838745117,15.548756124999999,2.5397147369384765
15.598752,0.16305112838745117,15.598752124999999,2.5397147369384765
15.648748,0.16305112838745117,15.648748125,2.5397147369384765
15.698744,0.16305112838745117,15.698744125,2.5397147369384765
15.74874,0.16802030563354495,15.748740125,2.5397147369384765
15.798736,0.16802030563354495,15.798736125,2.5397147369384765
15.848732,0.15808195114135742,15.848732125,2.5397147369384765
15.898728,0.15808195114135742,15.898728125,2.534745864868164
15.948724,0.14814359664916993,15.948724125,2.5397147369384765
15.998719999999999,0.16802030563354495,15.998720124999998,2.5397147369384765
16.048716,0.14814359664916993,16.048716125,2.5397147369384765
16.098712,0.15808195114135742,16.098712125,2.5446836090087888
16.148708,0.15311277389526368,16.148708125,2.534745864868164
16.198704,0.14814359664916993,16.198704125,2.5297769927978515
16.2487,0.16802030563354495,16.248700125,2.5446836090087888
16.298696,0.15311277389526368,16.298696125,2.534745864868164
16.348692,0.14814359664916993,16.348692125,2.5297769927978515
16.398688,0.15808195114135742,16.398688125,2.5397147369384765
16.448684,0.15311277389526368,16.448684125,2.5397147369384765
16.49868,0.15808195114135742,16.498680125,2.5297769927978515
16.548676,0.15808195114135742,16.548676125,2.5446836090087888
16.598672,0.15311277389526368,16.598672125,2.534745864868164
16.648668,0.14814359664916993,16.648668125,2.534745864868164
16.698664,0.15311277389526368,16.698664125,2.534745864868164
16.74866,0.15808195114135742,16.748660125,2.5446836090087888
16.798656,0.16305112838745117,16.798656125,2.5446836090087888
16.848652,0.16305112838745117,16.848652125,2.5397147369384765
16.898647999999998,0.15808195114135742,16.898648124999998,2.5297769927978515
16.948643999999998,0.15808195114135742,16.948644124999998,2.534745864868164
16.998639999999998,0.15311277389526368,16.998640124999998,2.5397147369384765
17.048636,0.15311277389526368,17.048636124999998,2.5397147369384765
17.098632,0.16305112838745117,17.098632124999998,2.5397147369384765
17.148628,0.15808195114135742,17.148628125,2.534745864868164
17.198624,0.15808195114135742,17.198624125,2.5446836090087888
17.24862,0.16305112838745117,17.248620125,2.5446836090087888
17.298616,0.14814359664916993,17.298616125,2.524808120727539
17.348612,0.15311277389526368,17.348612125,2.534745864868164
17.398608,0.15311277389526368,17.398608125,2.534745864868164
17.448604,0.16305112838745117,17.448604125,2.5397147369384765
17.4986,0.15808195114135742,17.498600125,2.534745864868164
17.548596,0.15808195114135742,17.548596125,2.5446836090087888
17.598592,0.15808195114135742,17.598592125,2.534745864868164
17.648588,0.15311277389526368,17.648588125,2.534745864868164
17.698584,0.15311277389526368,17.698584125,2.5397147369384765
17.74858,0.15311277389526368,17.748580125,2.5297769927978515
17.798576,0.15808195114135742,17.798576125,2.5297769927978515
17.848572,0.15311277389526368,17.848572125,2.5297769927978515
17.898568,0.14814359664916993,17.898568125,2.534745864868164
17.948564,0.15808195114135742,17.948564125,2.534745864868164
17.99856,0.15808195114135742,17.998560125,2.5297769927978515
18.048555999999998,0.15808195114135742,18.048556124999998,2.534745864868164
18.098551999999998,0.16305112838745117,18.098552124999998,2.534745864868164
18.148547999999998,0.15311277389526368,18.148548124999998,2.534745864868164
18.198544,0.15808195114135742,18.198544124999998,2.524808120727539
18.24854,0.15311277389526368,18.248540124999998,2.534745864868164
18.298536,0.16802030563354495,18.298536125,2.5446836090087888
18.348532,0.15808195114135742,18.348532125,2.5397147369384765
18.398528,0.16305112838745117,18.398528125,2.5397147369384765
18.448524,0.15311277389526368,18.448524125,2.534745864868164
18.49852,0.16305112838745117,18.498520125,2.5446836090087888
18.548516,0.15311277389526368,18.548516125,2.5397147369384765
18.598512,0.16305112838745117,18.598512125,2.534745864868164
18.648508,0.15311277389526368,18.648508125,2.5397147369384765
18.698504,0.16305112838745117,18.698504125,2.5397147369384765
18.7485,0.15808195114135742,18.748500125,2.5496524810791015
18.798496,0.16305112838745117,18.798496125,2.5397147369384765
18.848492,0.15311277389526368,18.848492125,2.5397147369384765
18.898488,0.15808195114135742,18.898488125,2.524808120727539
18.948484,0.14814359664916993,18.948484125,2.534745864868164
18.99848,0.16305112838745117,18.998480125,2.5446836090087888
19.048476,0.16802030563354495,19.048476125,2.5397147369384765
19.098472,0.15808195114135742,19.098472125,2.5297769927978515
19.148468,0.15808195114135742,19.148468125,2.5397147369384765
19.198464,0.16305112838745117,19.198464125,2.5297769927978515
19.248459999999998,0.15311277389526368,19.248460124999998,2.534745864868164
19.298455999999998,0.15808195114135742,19.298456124999998,2.5446836090087888
19.348451999999998,0.15311277389526368,19.348452124999998,2.534745864868164
19.398448,0.15808195114135742,19.398448124999998,2.5397147369384765
19.448444,0.15808195114135742,19.448444124999998,2.5397147369384765
19.49844,0.16802030563354495,19.498440125,2.5397147369384765
19.548436,0.15311277389526368,19.548436125,2.534745864868164
19.598432,0.15808195114135742,19.598432125,2.5397147369384765
19.648428,0.16305112838745117,19.648428125,2.5397147369384765
19.698424,0.15808195114135742,19.698424125,2.5297769927978515
19.74842,0.15311277389526368,19.748420125,2.5397147369384765
19.798416,0.15808195114135742,19.798416125,2.5397147369384765
19.848412,0.15311277389526368,19.848412125,2.5397147369384765
19.898408,0.15808195114135742,19.898408125,2.5297769927978515
19.948404,0.15808195114135742,19.948404125,2.534745864868164
19.9984,0.16802030563354495,19.998400125,2.5446836090087888
20.048396,0.15808195114135742,20.048396125,2.5397147369384765
20.098392,0.16305112838745117,20.098392125,2.5496524810791015
20.148388,0.16802030563354495,20.148388125,2.5446836090087888
20.198384,0.15808195114135742,20.198384125,2.534745864868164
20.24838,0.14814359664916993,20.248380125,2.524808120727539
20.298376,0.16305112838745117,20.298376125,2.5397147369384765
20.348372,0.16305112838745117,20.348372125,2.5446836090087888
20.398367999999998,0.14814359664916993,20.398368124999998,2.5397147369384765
20.448363999999998,0.15808195114135742,20.448364124999998,2.534745864868164
20.498359999999998,0.15808195114135742,20.498360124999998,2.534745864868164
20.548356,0.15311277389526368,20.548356124999998,2.5297769927978515
20.598352,0.15311277389526368,20.598352124999998,2.5397147369384765
20.648348,0.16802030563354495,20.648348125,2.5446836090087888
20.698344,0.16305112838745117,20.698344125,2.534745864868164
20.74834,0.15311277389526368,20.748340125,2.534745864868164
20.798336,0.16802030563354495,20.798336125,2.5397147369384765
20.848332,0.16305112838745117,20.848332125,2.5397147369384765
20.898328,0.14814359664916993,20.898328125,2.534745864868164
20.948324,0.15808195114135742,20.948324125,2.534745864868164
20.99832,0.15808195114135742,20.998320125,2.5297769927978515
21.048316,0.15808195114135742,21.048316125,2.5397147369384765
21.098312,0.15808195114135742,21.098312125,2.5397147369384765
21.148308,0.15808195114135742,21.148308125,2.534745864868164
21.198304,0.15808195114135742,21.198304125,2.534745864868164
21.2483,0.15808195114135742,21.248300125,2.5397147369384765
21.298296,0.15311277389526368,21.298296125,2.534745864868164
21.348292,0.15311277389526368,21.348292125,2.5297769927978515
21.398288,0.15808195114135742,21.398288125,2.534745864868164
21.448284,0.15808195114135742,21.448284125,2.5397147369384765
21.49828,0.15311277389526368,21.498280125,2.5397147369384765
21.548275999999998,0.15311277389526368,21.548276124999997,2.5397147369384765
21.598271999999998,0.15311277389526368,21.598272124999998,2.5297769927978515
21.648267999999998,0.15311277389526368,21.648268124999998,2.5397147369384765
21.698263999999998,0.15808195114135742,21.698264124999998,2.5397147369384765
21.74826,0.16305112838745117,21.748260124999998,2.5496524810791015
21.798256,0.16305112838745117,21.798256124999998,2.5397147369384765
21.848252,0.16305112838745117,21.848252125,2.534745864868164
21.898248,0.15311277389526368,21.898248125,2.5297769927978515
21.948244,0.16305112838745117,21.948244125,2.534745864868164
21.99824,0.15808195114135742,21.998240125,2.534745864868164
22.048236,0.15808195114135742,22.048236125,2.534745864868164
22.098232,0.14317441940307618,22.098232125,2.514870376586914
22.148228,0.15808195114135742,22.148228125,2.5297769927978515
22.198224,0.15311277389526368,22.198224125,2.534745864868164
22.24822,0.15808195114135742,22.248220125,2.5397147369384765
22.298216,0.16305112838745117,22.298216125,2.5397147369384765
22.348212,0.15311277389526368,22.348212125,2.5397147369384765
22.398208,0.14814359664916993,22.398208125,2.534745864868164
22.448204,0.15311277389526368,22.448204125,2.5198392486572265
22.4982,0.15311277389526368,22.498200125,2.5297769927978515
22.548196,0.15808195114135742,22.548196125,2.5397147369384765
22.598192,0.15808195114135742,22.598192125,2.5446836090087888
22.648188,0.15808195114135742,22.648188125,2.5496524810791015
22.698183999999998,0.15808195114135742,22.698184124999997,2.534745864868164
22.748179999999998,0.15311277389526368,22.748180124999998,2.5397147369384765
22.798175999999998,0.15808195114135742,22.798176124999998,2.5397147369384765
22.848171999999998,0.16305112838745117,22.848172124999998,2.5397147369384765
22.898168,0.16802030563354495,22.898168124999998,2.534745864868164
22.948164,0.16305112838745117,22.948164124999998,2.5496524810791015
22.99816,0.16305112838745117,22.998160125,2.5397147369384765
23.048156,0.15808195114135742,23.048156125,2.5446836090087888
23.098152,0.16305112838745117,23.098152125,2.5446836090087888
23.148148,0.15808195114135742,23.148148125,2.534745864868164
23.198144,0.15311277389526368,23.198144125,2.5397147369384765
23.24814,0.15808195114135742,23.248140125,2.5397147369384765
23.298136,0.16305112838745117,23.298136125,2.534745864868164
23.348132,0.15808195114135742,23.348132125,2.5397147369384765
23.398128,0.15808195114135742,23.398128125,2.5397147369384765
23.448124,0.15311277389526368,23.448124125,2.5397147369384765
23.49812,0.15311277389526368,23.498120125,2.534745864868164
23.548116,0.15311277389526368,23.548116125,2.534745864868164
23.598112,0.15808195114135742,23.598112125,2.5446836090087888
23.648108,0.15808195114135742,23.648108125,2.534745864868164
23.698104,0.15808195114135742,23.698104125,2.534745864868164
23.7481,0.15311277389526368,23.748100125,2.5397147369384765
23.798096,0.16305112838745117,23.798096125,2.5397147369384765
23.848092,0.16305112838745117,23.848092125,2.5446836090087888
23.898087999999998,0.14814359664916993,23.898088124999997,2.5297769927978515
23.948083999999998,0.14814359664916993,23.948084124999998,2.5297769927978515
23.998079999999998,0.15808195114135742,23.998080124999998,2.5397147369384765
24.048076,0.16802030563354495,24.048076124999998,2.5397147369384765
24.098072,0.15311277389526368,24.098072124999998,2.534745864868164
24.148068,0.15808195114135742,24.148068124999998,2.5397147369384765
24.198064,0.15311277389526368,24.198064125,2.534745864868164
24.24806,0.15808195114135742,24.248060125,2.5297769927978515
24.298056,0.16305112838745117,24.298056125,2.534745864868164
24.348052,0.16305112838745117,24.348052125,2.5397147369384765
24.398048,0.15311277389526368,24.398048125,2.534745864868164
24.448044,0.14317441940307618,24.448044125,2.5297769927978515
24.49804,0.14814359664916993,24.498040125,2.514870376586914
24.548036,0.15808195114135742,24.548036125,2.534745864868164
24.598032,0.15808195114135742,24.598032125,2.534745864868164
24.648028,0.15808195114135742,24.648028125,2.5297769927978515
24.698024,0.15808195114135742,24.698024125,2.5397147369384765
24.74802,0.16305112838745117,24.748020125,2.534745864868164
24.798016,0.15808195114135742,24.798016125,2.534745864868164
24.848012,0.16802030563354495,24.848012125,2.5496524810791015
24.898008,0.15808195114135742,24.898008125,2.5397147369384765
24.948004,0.16305112838745117,24.948004125,2.5297769927978515
24.998,0.15311277389526368,24.998000125,2.534745864868164
25.047995999999998,0.16305112838745117,25.047996124999997,2.4900260162353516
25.097991999999998,0.15808195114135742,25.097992124999998,2.5198392486572265
25.147987999999998,0.16305112838745117,25.147988124999998,2.5446836090087888
25.197983999999998,0.16305112838745117,25.197984124999998,2.5397147369384765
25.24798,0.15808195114135742,25.247980124999998,2.5397147369384765
25.297976,0.15311277389526368,25.297976124999998,2.534745864868164
25.347972,0.15311277389526368,25.347972125,2.5397147369384765
25.397968,0.16305112838745117,25.397968125,2.5446836090087888
25.447964,0.15808195114135742,25.447964125,2.5397147369384765
25.49796,0.16305112838745117,25.497960125,2.524808120727539
25.547956,0.15311277389526368,25.547956125,2.534745864868164
25.597952,0.15311277389526368,25.597952125,2.5446836090087888
25.647948,0.16305112838745117,25.647948125,2.5446836090087888
25.697944,0.16305112838745117,25.697944125,2.5397147369384765
25.74794,0.15808195114135742,25.747940125,2.5397147369384765
25.797936,0.15808195114135742,25.797936125,2.534745864868164
25.847932,0.15311277389526368,25.847932125,2.5397147369384765
25.897928,0.14317441940307618,25.897928125,2.5297769927978515
25.947924,0.15808195114135742,25.947924125,2.5397147369384765
25.99792,0.15808195114135742,25.997920125,2.534745864868164
26.047916,0.15808195114135742,26.047916125,2.5397147369384765
26.097912,0.15808195114135742,26.097912125,2.514870376586914
26.147908,0.16305112838745117,26.147908125,2.5297769927978515
26.197903999999998,0.16305112838745117,26.197904124999997,2.5397147369384765
26.247899999999998,0.16305112838745117,26.247900124999997,2.5397147369384765
26.297895999999998,0.15808195114135742,26.297896124999998,2.5297769927978515
26.347891999999998,0.16305112838745117,26.347892124999998,2.534745864868164
26.397888,0.15808195114135742,26.397888124999998,2.5397147369384765
26.447884,0.14317441940307618,26.447884124999998,2.5297769927978515
26.49788,0.15311277389526368,26.497880125,2.475119400024414
26.547876,0.15311277389526368,26.547876125,2.504932632446289
26.597872,0.16305112838745117,26.597872125,2.5446836090087888
26.647868,0.16305112838745117,26.647868125,2.5546213531494137
26.697864,0.15808195114135742,26.697864125,2.5546213531494137
26.74786,0.15808195114135742,26.747860125,2.5496524810791015
26.797856,0.16305112838745117,26.797856125,2.5595902252197265
26.847852,0.16305112838745117,26.847852125,2.5546213531494137
26.897848,0.15808195114135742,26.897848125,2.5446836090087888
26.947844,0.14814359664916993,26.947844125,2.5446836090087888
26.99784,0.15808195114135742,26.997840125,2.5446836090087888
27.047836,0.16305112838745117,27.047836125,2.5446836090087888
27.097832,0.15808195114135742,27.097832125,2.5397147369384765
27.147828,0.16305112838745117,27.147828125,2.534745864868164
27.197824,0.16305112838745117,27.197824125,2.5397147369384765
27.24782,0.16305112838745117,27.247820125,2.5446836090087888
27.297816,0.14814359664916993,27.297816125,2.5397147369384765
27.347811999999998,0.15808195114135742,27.347812124999997,2.534745864868164
27.397807999999998,0.15808195114135742,27.397808124999997,2.534745864868164
27.447803999999998,0.15808195114135742,27.447804124999998,2.5397147369384765
27.497799999999998,0.15311277389526368,27.497800124999998,2.534745864868164
27.547795999999998,0.15808195114135742,27.547796124999998,2.524808120727539
27.597792,0.15808195114135742,27.597792124999998,2.534745864868164
27.647788,0.15311277389526368,27.647788124999998,2.534745864868164
27.697784,0.14814359664916993,27.697784125,2.504932632446289
27.74778,0.16305112838745117,27.747780125,2.5198392486572265
27.797776,0.15808195114135742,27.797776125,2.5397147369384765
27.847772,0.15808195114135742,27.847772125,2.5397147369384765
27.897768,0.15311277389526368,27.897768125,2.534745864868164
27.947764,0.15311277389526368,27.947764125,2.514870376586914
27.99776,0.15808195114135742,27.997760125,2.5297769927978515
28.047756,0.15311277389526368,28.047756125,2.5446836090087888
28.097752,0.14814359664916993,28.097752125,2.5446836090087888
28.147748,0.15808195114135742,28.147748125,2.5446836090087888
28.197744,0.15808195114135742,28.197744125,2.5546213531494137
28.24774,0.16305112838745117,28.247740125,2.5496524810791015
28.297736,0.15808195114135742,28.297736125,2.534745864868164
28.347732,0.16305112838745117,28.347732125,2.5397147369384765
28.397728,0.16305112838745117,28.397728125,2.5397147369384765
28.447724,0.16305112838745117,28.447724125,2.5446836090087888
28.49772,0.15311277389526368,28.497720125,2.5446836090087888
28.547715999999998,0.16305112838745117,28.547716124999997,2.534745864868164
28.597711999999998,0.15808195114135742,28.597712124999997,2.5446836090087888
28.647707999999998,0.16802030563354495,28.647708124999998,2.5397147369384765
28.697703999999998,0.15808195114135742,28.697704124999998,2.5397147369384765
28.7477,0.15808195114135742,28.747700124999998,2.5446836090087888
28.797696,0.16802030563354495,28.797696124999998,2.534745864868164
28.847692,0.15808195114135742,28.847692125,2.534745864868164
28.897688,0.14814359664916993,28.897688125,2.5297769927978515
28.947684,0.15808195114135742,28.947684125,2.5446836090087888
28.99768,0.15808195114135742,28.997680125,2.5397147369384765
29.047676,0.15808195114135742,29.047676125,2.534745864868164
29.097672,0.16305112838745117,29.097672125,2.534745864868164
29.147668,0.16305112838745117,29.147668125,2.5397147369384765
29.197664,0.16305112838745117,29.197664125,2.5397147369384765
29.24766,0.14814359664916993,29.247660125,2.5297769927978515
29.297656,0.15808195114135742,29.297656125,2.5297769927978515
29.347652,0.15808195114135742,29.347652125,2.534745864868164
29.397648,0.15808195114135742,29.397648125,2.5397147369384765
29.447644,0.15808195114135742,29.447644125,2.5397147369384765
29.49764,0.15311277389526368,29.497640125,2.5397147369384765
29.547636,0.15808195114135742,29.547636125,2.5297769927978515
29.597632,0.15311277389526368,29.597632125,2.5397147369384765
29.647628,0.16305112838745117,29.647628125,2.5397147369384765
29.697623999999998,0.15808195114135742,29.697624124999997,2.5446836090087888
29.747619999999998,0.15311277389526368,29.747620124999997,2.524808120727539
29.797615999999998,0.15808195114135742,29.797616124999998,2.534745864868164
29.847611999999998,0.15808195114135742,29.847612124999998,2.534745864868164
29.897607999999998,0.14814359664916993,29.897608124999998,2.5297769927978515
29.947604,0.16305112838745117,29.947604124999998,2.534745864868164
29.9976,0.14814359664916993,29.997600124999998,2.524808120727539
30.047596,0.14814359664916993,30.047596125,2.534745864868164
30.097592,0.15311277389526368,30.097592125,2.5198392486572265
30.147588,0.16802030563354495,30.147588125,2.534745864868164
30.197584,0.15808195114135742,30.197584125,2.5446836090087888
30.24758,0.16305112838745117,30.247580125,2.534745864868164
30.297576,0.15311277389526368,30.297576125,2.534745864868164
30.347572,0.15808195114135742,30.347572125,2.534745864868164
30.397568,0.16305112838745117,30.397568125,2.5397147369384765
30.447564,0.16305112838745117,30.447564125,2.5446836090087888
30.49756,0.15808195114135742,30.497560125,2.5397147369384765
30.547556,0.14814359664916993,30.547556125,2.534745864868164
30.597552,0.16802030563354495,30.597552125,2.5397147369384765
30.647548,0.16305112838745117,30.647548125,2.5397147369384765
30.697544,0.16305112838745117,30.697544125,2.534745864868164
30.74754,0.15808195114135742,30.747540125,2.5397147369384765
30.797536,0.16802030563354495,30.797536125,2.534745864868164
30.847531999999998,0.15311277389526368,30.847532124999997,2.534745864868164
30.897527999999998,0.16305112838745117,30.897528124999997,2.534745864868164
30.947523999999998,0.15808195114135742,30.947524124999997,2.5297769927978515
30.997519999999998,0.15808195114135742,30.997520124999998,2.5397147369384765
31.047515999999998,0.14814359664916993,31.047516124999998,2.5397147369384765
31.097512,0.16802030563354495,31.097512124999998,2.5496524810791015
31.147508,0.16305112838745117,31.147508124999998,2.5446836090087888
31.197504,0.16305112838745117,31.197504125,2.5397147369384765
31.2475,0.15311277389526368,31.247500125,2.534745864868164
31.297496,0.16802030563354495,31.297496125,2.5446836090087888
31.347492,0.16305112838745117,31.347492125,2.5397147369384765
31.397488,0.15311277389526368,31.397488125,2.5397147369384765
31.447484,0.15808195114135742,31.447484125,2.5297769927978515
31.49748,0.16802030563354495,31.497480125,2.534745864868164
31.547476,0.15311277389526368,31.547476125,2.534745864868164
31.597472,0.16305112838745117,31.597472125,2.5446836090087888
31.647468,0.15311277389526368,31.647468125,2.5397147369384765
31.697464,0.15311277389526368,31.697464125,2.524808120727539
31.74746,0.15808195114135742,31.747460125,2.5397147369384765
31.797456,0.16305112838745117,31.797456125,2.5397147369384765
31.847452,0.16305112838745117,31.847452125,2.5446836090087888
31.897448,0.15808195114135742,31.897448125,2.5496524810791015
31.947444,0.16305112838745117,31.947444125,2.5446836090087888
31.997439999999997,0.16802030563354495,31.997440124999997,2.5446836090087888
32.047436,0.16802030563354495,32.047436125,2.5446836090087888
32.097432,0.15808195114135742,32.097432125,2.5397147369384765
32.147428,0.16305112838745117,32.147428125,2.5446836090087888
32.197424,0.15808195114135742,32.197424125,2.5397147369384765
32.24742,0.15808195114135742,32.247420125,2.5397147369384765
32.297416,0.16305112838745117,32.297416125,2.5397147369384765
32.347412,0.16802030563354495,32.347412125,2.5496524810791015
32.397408,0.16802030563354495,32.397408125,2.5446836090087888
32.447404,0.15808195114135742,32.447404125,2.5397147369384765
32.4974,0.16305112838745117,32.497400125,2.5297769927978515
32.547396,0.1729894828796387,32.547396125,2.5446836090087888
32.597392,0.15808195114135742,32.597392125,2.5397147369384765
32.647388,0.15808195114135742,32.647388125,2.5546213531494137
32.697384,0.15808195114135742,32.697384125,2.5397147369384765
32.74738,0.15311277389526368,32.747380125,2.534745864868164
32.797376,0.16305112838745117,32.797376125,2.5446836090087888
32.847372,0.16305112838745117,32.847372125,2.5397147369384765
32.897368,0.16305112838745117,32.897368125,2.5446836090087888
32.947364,0.16305112838745117,32.947364125,2.5397147369384765
32.99736,0.15311277389526368,32.997360125,2.534745864868164
33.047356,0.15311277389526368,33.047356125,2.5297769927978515
33.097352,0.15311277389526368,33.097352125,2.5297769927978515
33.147348,0.1729894828796387,33.147348125,2.5397147369384765
33.197344,0.1729894828796387,33.197344125,2.534745864868164
33.24734,0.15808195114135742,33.247340125,2.5297769927978515
33.297336,0.16305112838745117,33.297336125,2.534745864868164
33.347332,0.15808195114135742,33.347332125,2.534745864868164
33.397328,0.16802030563354495,33.397328125,2.5397147369384765
33.447324,0.14317441940307618,33.447324125,2.5397147369384765
33.49732,0.16305112838745117,33.497320125,2.5446836090087888
33.547316,0.16802030563354495,33.547316125,2.5397147369384765
33.597312,0.16802030563354495,33.597312125,2.5496524810791015
33.647308,0.16802030563354495,33.647308125,2.5446836090087888
33.697304,0.16305112838745117,33.697304125,2.534745864868164
33.747299999999996,0.16305112838745117,33.747300124999995,2.534745864868164
33.797295999999996,0.15808195114135742,33.797296124999995,2.534745864868164
33.847291999999996,0.15311277389526368,33.847292124999996,2.534745864868164
33.897287999999996,0.16305112838745117,33.897288124999996,2.534745864868164
33.947283999999996,0.14814359664916993,33.947284124999996,2.5297769927978515
33.997279999999996,0.16305112838745117,33.997280124999996,2.534745864868164
34.047276,0.16802030563354495,34.047276124999996,2.5397147369384765
34.097272,0.15808195114135742,34.097272124999996,2.5198392486572265
34.147268,0.14814359664916993,34.147268125,2.524808120727539
34.197264,0.14814359664916993,34.197264125,2.5297769927978515
34.24726,0.15311277389526368,34.247260125,2.534745864868164
34.297256,0.16305112838745117,34.297256125,2.5397147369384765
34.347252,0.15808195114135742,34.347252125,2.534745864868164
34.397248,0.16305112838745117,34.397248125,2.5397147369384765
34.447244,0.15311277389526368,34.447244125,2.5297769927978515
34.49724,0.14814359664916993,34.497240125,2.5297769927978515
34.547236,0.14814359664916993,34.547236125,2.534745864868164
34.597232,0.15808195114135742,34.597232125,2.5446836090087888
34.647228,0.16305112838745117,34.647228125,2.5446836090087888
34.697224,0.16305112838745117,34.697224125,2.5496524810791015
34.74722,0.16305112838745117,34.747220125,2.5446836090087888
34.797216,0.15808195114135742,34.797216125,2.5496524810791015
34.847212,0.16305112838745117,34.847212125,2.5446836090087888
34.897208,0.15808195114135742,34.897208125,2.514870376586914
34.947204,0.1729894828796387,34.947204125,2.494994888305664
34.9972,0.16802030563354495,34.997200125,2.4999637603759766
35.047196,0.14814359664916993,35.047196125,2.534745864868164
35.097192,0.16802030563354495,35.097192125,2.5446836090087888
35.147188,0.16305112838745117,35.147188125,2.5446836090087888
35.197184,0.16305112838745117,35.197184125,2.5297769927978515
35.24718,0.16802030563354495,35.247180125,2.5397147369384765
35.297176,0.15311277389526368,35.297176125,2.5397147369384765
35.347172,0.15311277389526368,35.347172125,2.5496524810791015
35.397168,0.1729894828796387,35.397168125,2.5546213531494137
35.447164,0.16305112838745117,35.447164125,2.5496524810791015
35.49716,0.15808195114135742,35.497160125,2.5397147369384765
35.547156,0.16305112838745117,35.547156125,2.5546213531494137
35.597152,0.16305112838745117,35.597152125,2.5496524810791015
35.647148,0.15808195114135742,35.647148125,2.534745864868164
35.697144,0.15808195114135742,35.697144125,2.5297769927978515
35.74714,0.16802030563354495,35.747140125,2.5397147369384765
35.797136,0.15808195114135742,35.797136125,2.534745864868164
35.847132,0.16802030563354495,35.847132125,2.5446836090087888
35.897128,0.16305112838745117,35.897128125,2.5397147369384765
35.947124,0.16802030563354495,35.947124125,2.5446836090087888
35.99712,0.16802030563354495,35.997120125,2.5397147369384765
36.047116,0.16305112838745117,36.047116125,2.5397147369384765
36.097111999999996,0.15311277389526368,36.097112124999995,2.5297769927978515
36.147107999999996,0.15808195114135742,36.147108124999995,2.5297769927978515
36.197103999999996,0.15808195114135742,36.197104124999996,2.534745864868164
36.247099999999996,0.15311277389526368,36.247100124999996,2.534745864868164
36.297095999999996,0.15311277389526368,36.297096124999996,2.534745864868164
36.347091999999996,0.15808195114135742,36.347092124999996,2.5397147369384765
36.397088,0.16305112838745117,36.397088124999996,2.534745864868164
36.447084,0.15311277389526368,36.447084124999996,2.5397147369384765
36.49708,0.16802030563354495,36.497080125,2.5397147369384765
36.547076,0.16305112838745117,36.547076125,2.534745864868164
36.597072,0.16305112838745117,36.597072125,2.5446836090087888
36.647068,0.16305112838745117,36.647068125,2.5397147369384765
36.697064,0.15311277389526368,36.697064125,2.534745864868164
36.74706,0.15311277389526368,36.747060125,2.534745864868164
36.797056,0.15808195114135742,36.797056125,2.534745864868164
36.847052,0.15311277389526368,36.847052125,2.5297769927978515
36.897048,0.16802030563354495,36.897048125,2.534745864868164
36.947044,0.15808195114135742,36.947044125,2.534745864868164
36.99704,0.15808195114135742,36.997040125,2.5397147369384765
37.047036,0.16305112838745117,37.047036125,2.5397147369384765
37.097032,0.15311277389526368,37.097032125,2.5297769927978515
37.147028,0.16305112838745117,37.147028125,2.5446836090087888
37.197024,0.16305112838745117,37.197024125,2.534745864868164
37.24702,0.15311277389526368,37.247020125,2.5297769927978515
37.297016,0.16802030563354495,37.297016125,2.534745864868164
37.347012,0.15808195114135742,37.347012125,2.5397147369384765
37.397008,0.16305112838745117,37.397008125,2.534745864868164
37.447004,0.16305112838745117,37.447004125,2.4701505279541016
